route,route_starting_time,percentage_of_compulsory_stops,benefit,walking_distance,num_segments,compulsory_stops,requests,number_optional_stops,used_nodes,unused_nodes,unserved_requests,served_requests,opt_stops_visited,opt_stops_not_visited,total_used-travel_time,travel_distance,build_time,solve_time,optimality_gap,objective_value
55,18:56:00,0.4,0,10,11,12,2,2,12,2,2,0,0,2,6900.0,14581.851999999999,0.008034944534301758,0.0013360977172851562,0.0,-14581.851999999999
55,18:56:00,0.4,100,10,11,12,2,2,12,2,2,0,0,2,6900.0,14581.851999999999,0.0005180835723876953,0.0005819797515869141,0.0,-14581.851999999999
55,18:56:00,0.4,500,10,11,12,2,2,12,2,2,0,0,2,6900.0,14581.851999999999,0.00048828125,0.0003979206085205078,0.0,-14581.851999999999
55,18:56:00,0.4,1000,10,11,12,2,2,12,2,2,0,0,2,6900.0,14581.851999999999,0.00047898292541503906,0.0004248619079589844,0.0,-14581.851999999999
55,18:56:00,0.4,0,100,11,12,7,5,12,5,7,0,0,5,6030.0,14581.851999999999,0.0009150505065917969,0.0014460086822509766,0.0,-14581.851999999999
55,18:56:00,0.4,100,100,11,12,7,5,14,3,5,2,2,3,6030.0,14636.119,0.0009517669677734375,0.0007770061492919922,0.0,-14436.119
55,18:56:00,0.4,500,100,11,12,7,5,15,2,2,5,3,2,6900.0,16011.169000000002,0.0010008811950683594,0.0009369850158691406,0.0,-13511.169000000002
55,18:56:00,0.4,1000,100,11,12,7,5,15,2,2,5,3,2,6900.0,16011.169000000002,0.0008976459503173828,0.0009257793426513672,0.0,-11011.169000000002
55,18:56:00,0.4,0,500,11,12,58,27,14,25,58,0,2,25,6030.0,14581.851999999999,0.023986101150512695,0.004045963287353516,0.0,-14581.851999999999
55,18:56:00,0.4,100,500,11,12,58,27,16,23,54,4,4,23,6030.0,14729.09,0.022314071655273438,0.004475116729736328,0.0,-14329.09
55,18:56:00,0.4,500,500,11,12,58,27,24,15,43,15,12,15,6123.344279408251,17634.93,0.023311138153076172,0.05148196220397949,0.0,-10134.93
55,18:56:00,0.4,1000,500,11,12,58,27,26,13,40,18,14,13,6155.552098246233,19616.340999999997,0.022673845291137695,0.07216286659240723,0.0,-1616.3409999999967
55,18:56:00,0.4,0,700,11,12,58,27,14,25,58,0,2,25,6030.0,14581.851999999999,0.023362159729003906,0.004086017608642578,0.0,-14581.851999999999
55,18:56:00,0.4,100,700,11,12,58,27,16,23,54,4,4,23,6030.0,14729.09,0.023459196090698242,0.0046198368072509766,0.0,-14329.09
55,18:56:00,0.4,500,700,11,12,58,27,24,15,43,15,12,15,6123.344279408251,17634.93,0.02294611930847168,0.050776004791259766,0.0,-10134.93
55,18:56:00,0.4,1000,700,11,12,58,27,26,13,40,18,14,13,6155.552098246233,19616.340999999997,0.02334904670715332,0.07329487800598145,0.0,-1616.3409999999967
195,07:09:00,0.4,0,10,9,10,2,2,10,2,2,0,0,2,3557.0,7717.884000000001,0.0004711151123046875,0.0004489421844482422,0.0,-7717.884000000001
195,07:09:00,0.4,100,10,9,10,2,2,12,0,0,2,2,0,3283.0,7841.07,0.00041604042053222656,0.00047588348388671875,0.0,-7641.07
195,07:09:00,0.4,500,10,9,10,2,2,12,0,0,2,2,0,3557.0,7841.07,0.00041103363037109375,0.00040912628173828125,0.0,-6841.07
195,07:09:00,0.4,1000,10,9,10,2,2,12,0,0,2,2,0,3557.0,7841.07,0.0004010200500488281,0.00049591064453125,0.0,-5841.07
195,07:09:00,0.4,0,100,9,10,22,7,12,5,22,0,2,5,3557.0,7717.884000000001,0.001786947250366211,0.001260995864868164,0.0,-7717.884000000001
195,07:09:00,0.4,100,100,9,10,22,7,14,3,3,19,4,3,3283.0,7841.07,0.002050161361694336,0.0008220672607421875,0.0,-5941.07
195,07:09:00,0.4,500,100,9,10,22,7,15,2,2,20,5,2,3283.0,8187.909,0.0020627975463867188,0.0023539066314697266,0.0,1812.0910000000003
195,07:09:00,0.4,1000,100,9,10,22,7,17,0,0,22,7,0,3283.0,9540.228,0.0017900466918945312,0.001219034194946289,0.0,12459.772
195,07:09:00,0.4,0,500,9,10,48,21,11,20,48,0,1,20,3283.0,7717.884000000001,0.008920907974243164,0.0018050670623779297,0.0,-7717.884000000001
195,07:09:00,0.4,100,500,9,10,48,21,14,17,25,23,4,17,3283.0,7841.07,0.008983135223388672,0.0017781257629394531,0.0,-5541.07
195,07:09:00,0.4,500,500,9,10,48,21,21,10,11,37,11,10,3459.7123971009314,10758.765,0.009634017944335938,0.0022051334381103516,0.0,7741.235000000001
195,07:09:00,0.4,1000,500,9,10,48,21,24,7,8,40,14,7,3557.0,12948.919999999998,0.00937795639038086,0.004958152770996094,0.0,27051.08
195,07:09:00,0.4,0,700,9,10,48,21,11,20,48,0,1,20,3283.0,7717.884000000001,0.009020805358886719,0.0018830299377441406,0.0,-7717.884000000001
195,07:09:00,0.4,100,700,9,10,48,21,14,17,25,23,4,17,3283.0,7841.07,0.009049654006958008,0.0018451213836669922,0.0,-5541.07
195,07:09:00,0.4,500,700,9,10,48,21,21,10,11,37,11,10,3459.7123971009314,10758.765,0.009312868118286133,0.002418041229248047,0.0,7741.235000000001
195,07:09:00,0.4,1000,700,9,10,48,21,24,7,8,40,14,7,3557.0,12948.919999999998,0.00931096076965332,0.005002021789550781,0.0,27051.08
196,16:23:30,0.4,0,10,6,7,6,3,8,2,6,0,1,2,2893.0,5893.641000000001,0.0004949569702148438,0.0006999969482421875,0.0,-5893.641000000001
196,16:23:30,0.4,100,10,6,7,6,3,8,2,4,2,1,2,2893.0,5893.641000000001,0.0005016326904296875,0.0005919933319091797,0.0,-5693.641000000001
196,16:23:30,0.4,500,10,6,7,6,3,9,1,1,5,2,1,2330.0,6780.105,0.0005168914794921875,0.0007309913635253906,0.0,-4280.105
196,16:23:30,0.4,1000,10,6,7,6,3,9,1,1,5,2,1,2893.0,6780.105,0.0004889965057373047,0.0009200572967529297,0.0,-1780.1049999999996
196,16:23:30,0.4,0,100,6,7,17,9,7,9,17,0,0,9,2330.0,5893.641,0.0019750595092773438,0.0016281604766845703,0.0,-5893.641
196,16:23:30,0.4,100,100,6,7,17,9,8,8,14,3,1,8,2330.0,5893.641000000001,0.0022678375244140625,0.0015900135040283203,0.0,-5593.641000000001
196,16:23:30,0.4,500,100,6,7,17,9,11,5,6,11,4,5,2330.0,8050.648999999999,0.002885103225708008,0.005295991897583008,0.0,-2550.6489999999994
196,16:23:30,0.4,1000,100,6,7,17,9,11,5,6,11,4,5,2330.0,8427.657,0.0020911693572998047,0.022552013397216797,0.0,2572.3430000000008
196,16:23:30,0.4,0,500,6,7,29,14,7,14,29,0,0,14,2330.0,5893.641,0.005043983459472656,0.0015530586242675781,0.0,-5893.641
196,16:23:30,0.4,100,500,6,7,29,14,8,13,24,5,1,13,2330.0,5893.641000000001,0.0049419403076171875,0.002674102783203125,0.0,-5393.641000000001
196,16:23:30,0.4,500,500,6,7,29,14,12,9,14,15,5,9,2893.0,8353.595,0.004901885986328125,0.025555133819580078,0.0,-853.5949999999993
196,16:23:30,0.4,1000,500,6,7,29,14,12,9,14,15,5,9,2893.0,8353.595,0.0052947998046875,0.0436708927154541,0.0,6646.405000000001
196,16:23:30,0.4,0,700,6,7,29,14,7,14,29,0,0,14,2330.0,5893.641,0.0053141117095947266,0.0014009475708007812,0.0,-5893.641
196,16:23:30,0.4,100,700,6,7,29,14,8,13,24,5,1,13,2330.0,5893.641000000001,0.005085945129394531,0.002604961395263672,0.0,-5393.641000000001
196,16:23:30,0.4,500,700,6,7,29,14,12,9,14,15,5,9,2893.0,8353.595,0.00495600700378418,0.025493860244750977,0.0,-853.5949999999993
196,16:23:30,0.4,1000,700,6,7,29,14,12,9,14,15,5,9,2893.0,8353.595,0.0050051212310791016,0.045578956604003906,0.0,6646.405000000001
199,16:04:00,0,0,10,1,2,0,0,2,0,0,0,0,0,3491.0,5573.648,0.0001380443572998047,0.0003650188446044922,0.0,-5573.648
199,16:04:00,0,100,10,1,2,0,0,2,0,0,0,0,0,3491.0,5573.648,0.00013184547424316406,0.00031304359436035156,0.0,-5573.648
199,16:04:00,0,500,10,1,2,0,0,2,0,0,0,0,0,3491.0,5573.648,0.00011324882507324219,0.0002961158752441406,0.0,-5573.648
199,16:04:00,0,1000,10,1,2,0,0,2,0,0,0,0,0,3491.0,5573.648,0.00012683868408203125,0.00031304359436035156,0.0,-5573.648
199,16:04:00,0,0,100,1,2,6,6,2,6,6,0,0,6,3491.0,5573.648,0.0008389949798583984,0.0007359981536865234,0.0,-5573.648
199,16:04:00,0,100,100,1,2,6,6,2,6,6,0,0,6,3491.0,5573.648,0.0007958412170410156,0.0006649494171142578,0.0,-5573.648
199,16:04:00,0,500,100,1,2,6,6,2,6,6,0,0,6,3491.0,5573.648,0.0008490085601806641,0.0008459091186523438,0.0,-5573.648
199,16:04:00,0,1000,100,1,2,6,6,7,1,1,5,5,1,2473.02433786686,9476.064,0.0008459091186523438,0.0009069442749023438,0.0,-4476.064
199,16:04:00,0,0,500,1,2,27,24,2,24,27,0,0,24,3491.0,5573.648,0.025717973709106445,0.003676891326904297,0.0,-5573.648
199,16:04:00,0,100,500,1,2,27,24,2,24,27,0,0,24,3491.0,5573.648,0.026983022689819336,0.0037250518798828125,0.0,-5573.648
199,16:04:00,0,500,500,1,2,27,24,24,2,1,26,22,2,3467.6622151634438,13287.288999999999,0.026616811752319336,0.004259824752807617,0.0,-287.28899999999885
199,16:04:00,0,1000,500,1,2,27,24,24,2,1,26,22,2,3467.6622151634438,13287.288999999999,0.02574300765991211,0.010763883590698242,0.0,12712.711000000001
199,16:04:00,0,0,700,1,2,43,25,2,25,43,0,0,25,3491.0,5573.648,0.043580055236816406,0.004491090774536133,0.0,-5573.648
199,16:04:00,0,100,700,1,2,43,25,2,25,43,0,0,25,3491.0,5573.648,0.043009042739868164,0.0044651031494140625,0.0,-5573.648
199,16:04:00,0,500,700,1,2,43,25,24,3,2,41,22,3,3467.6622151634438,13287.288999999999,0.04258584976196289,0.005285978317260742,0.0,7212.711000000001
199,16:04:00,0,1000,700,1,2,43,25,24,3,2,41,22,3,3467.6622151634438,13287.288999999999,0.04425501823425293,0.01297903060913086,0.0,27712.711000000003
192,14:50:30,0.2,0,10,3,4,5,3,5,2,5,0,1,2,3108.0,6185.912,0.0003657341003417969,0.0005068778991699219,0.0,-6185.912
192,14:50:30,0.2,100,10,3,4,5,3,6,1,1,4,2,1,2378.0,6231.387999999999,0.0003609657287597656,0.0004551410675048828,0.0,-5831.387999999999
192,14:50:30,0.2,500,10,3,4,5,3,7,0,0,5,3,0,2378.0,6520.6269999999995,0.00035309791564941406,0.00048804283142089844,0.0,-4020.6269999999995
192,14:50:30,0.2,1000,10,3,4,5,3,7,0,0,5,3,0,2378.0,6520.6269999999995,0.0003628730773925781,0.0004589557647705078,0.0,-1520.6269999999995
192,14:50:30,0.2,0,100,3,4,25,12,6,10,25,0,2,10,2378.0,6185.912,0.004103183746337891,0.0009038448333740234,0.0,-6185.912
192,14:50:30,0.2,100,100,3,4,25,12,8,8,14,11,4,8,2378.0,6231.387999999999,0.0036978721618652344,0.002154111862182617,0.0,-5131.387999999999
192,14:50:30,0.2,500,100,3,4,25,12,16,0,0,25,12,0,2499.7572103913117,8886.414999999999,0.0037980079650878906,0.0013401508331298828,0.0,3613.585000000001
192,14:50:30,0.2,1000,100,3,4,25,12,16,0,0,25,12,0,2499.7572103913117,8886.414999999999,0.0038161277770996094,0.0012199878692626953,0.0,16113.585000000001
192,14:50:30,0.2,0,500,3,4,53,21,5,20,53,0,1,20,2378.0,6185.912,0.020379066467285156,0.0030679702758789062,0.0,-6185.912
192,14:50:30,0.2,100,500,3,4,53,21,15,10,13,40,11,10,2378.0,7595.2699999999995,0.020267009735107422,0.003072023391723633,0.0,-3595.2699999999995
192,14:50:30,0.2,500,500,3,4,53,21,20,5,4,49,16,5,3108.0,9589.883999999998,0.02138233184814453,0.02406907081604004,0.0,14910.116000000002
192,14:50:30,0.2,1000,500,3,4,53,21,23,2,2,51,19,2,3108.0,10855.734999999999,0.02063775062561035,0.03933596611022949,0.0,40144.265
192,14:50:30,0.2,0,700,3,4,53,21,5,20,53,0,1,20,2378.0,6185.912,0.02090001106262207,0.0031440258026123047,0.0,-6185.912
192,14:50:30,0.2,100,700,3,4,53,21,15,10,13,40,11,10,2378.0,7595.2699999999995,0.021065950393676758,0.003435850143432617,0.0,-3595.2699999999995
192,14:50:30,0.2,500,700,3,4,53,21,20,5,4,49,16,5,3108.0,9589.883999999998,0.020662784576416016,0.022426843643188477,0.0,14910.116000000002
192,14:50:30,0.2,1000,700,3,4,53,21,23,2,2,51,19,2,3108.0,10855.734999999999,0.02020096778869629,0.04103207588195801,0.0,40144.265
195,07:09:00,1,0,10,22,23,3,0,23,0,3,0,0,0,4214.0,9212.719,0.0012440681457519531,0.0003638267517089844,0.0,-9212.719
195,07:09:00,1,100,10,22,23,3,0,23,0,0,3,0,0,4214.0,9212.719,0.0012059211730957031,0.0004379749298095703,0.0,-8912.719
195,07:09:00,1,500,10,22,23,3,0,23,0,0,3,0,0,4214.0,9212.719,0.0010712146759033203,0.00038886070251464844,0.0,-7712.718999999999
195,07:09:00,1,1000,10,22,23,3,0,23,0,0,3,0,0,4214.0,9212.719,0.0009028911590576172,0.00036716461181640625,0.0,-6212.718999999999
195,07:09:00,1,0,100,22,23,24,2,23,2,24,0,0,2,4214.0,9212.719,0.002541780471801758,0.0005910396575927734,0.0,-9212.719
195,07:09:00,1,100,100,22,23,24,2,23,2,2,22,0,2,4214.0,9212.719,0.002485036849975586,0.0008320808410644531,0.0,-7012.718999999999
195,07:09:00,1,500,100,22,23,24,2,24,1,1,23,1,1,3940.0,9559.557999999999,0.0024499893188476562,0.0006799697875976562,0.0,1940.442000000001
195,07:09:00,1,1000,100,22,23,24,2,25,0,0,24,2,0,4013.5857193987104,10226.926,0.0022649765014648438,0.0007240772247314453,0.0,13773.074
195,07:09:00,1,0,500,22,23,48,12,23,12,48,0,0,12,3940.0,9212.719,0.005540132522583008,0.0010628700256347656,0.0,-9212.719
195,07:09:00,1,100,500,22,23,48,12,23,12,20,28,0,12,3940.0,9212.719,0.005919933319091797,0.001055002212524414,0.0,-6412.718999999999
195,07:09:00,1,500,500,22,23,48,12,28,7,7,41,5,7,4201.656958363161,11163.073999999999,0.006083250045776367,0.0015561580657958984,0.0,9336.926000000001
195,07:09:00,1,1000,500,22,23,48,12,29,6,6,42,6,6,4214.0,11736.784,0.005778074264526367,0.0023071765899658203,0.0,30263.216
195,07:09:00,1,0,700,22,23,48,12,23,12,48,0,0,12,3940.0,9212.719,0.005730152130126953,0.0009980201721191406,0.0,-9212.719
195,07:09:00,1,100,700,22,23,48,12,23,12,20,28,0,12,3940.0,9212.719,0.005914926528930664,0.0009958744049072266,0.0,-6412.718999999999
195,07:09:00,1,500,700,22,23,48,12,28,7,7,41,5,7,4201.656958363161,11163.073999999999,0.006616830825805664,0.001238107681274414,0.0,9336.926000000001
195,07:09:00,1,1000,700,22,23,48,12,29,6,6,42,6,6,4214.0,11736.784,0.005851030349731445,0.0023190975189208984,0.0,30263.216
196,09:57:30,0.4,0,10,6,7,1,1,7,1,1,0,0,1,2791.0,6708.9980000000005,0.00026702880859375,0.0003390312194824219,0.0,-6708.9980000000005
196,09:57:30,0.4,100,10,6,7,1,1,7,1,1,0,0,1,2791.0,6708.9980000000005,0.0002689361572265625,0.0003669261932373047,0.0,-6708.9980000000005
196,09:57:30,0.4,500,10,6,7,1,1,8,0,0,1,1,0,2791.0,7036.397000000001,0.0002601146697998047,0.00035691261291503906,0.0,-6536.397000000001
196,09:57:30,0.4,1000,10,6,7,1,1,8,0,0,1,1,0,2791.0,7036.397000000001,0.00025200843811035156,0.0003399848937988281,0.0,-6036.397000000001
196,09:57:30,0.4,0,100,6,7,5,4,7,4,5,0,0,4,2791.0,6708.9980000000005,0.000492095947265625,0.0005080699920654297,0.0,-6708.9980000000005
196,09:57:30,0.4,100,100,6,7,5,4,7,4,5,0,0,4,2791.0,6708.9980000000005,0.0005109310150146484,0.0006299018859863281,0.0,-6708.9980000000005
196,09:57:30,0.4,500,100,6,7,5,4,9,2,3,2,2,2,2791.0,7536.385,0.0005218982696533203,0.0009851455688476562,0.0,-6536.385
196,09:57:30,0.4,1000,100,6,7,5,4,11,0,0,5,4,0,2791.0,9337.890000000001,0.0004982948303222656,0.0006198883056640625,0.0,-4337.890000000001
196,09:57:30,0.4,0,500,6,7,15,9,9,7,15,0,2,7,2791.0,6708.998,0.0017709732055664062,0.0009620189666748047,0.0,-6708.998
196,09:57:30,0.4,100,500,6,7,15,9,9,7,13,2,2,7,2791.0,6708.998,0.0016987323760986328,0.0010731220245361328,0.0,-6508.998
196,09:57:30,0.4,500,500,6,7,15,9,14,2,3,12,7,2,2791.0,9795.826,0.0015439987182617188,0.017184972763061523,0.0,-3795.825999999999
196,09:57:30,0.4,1000,500,6,7,15,9,14,2,3,12,7,2,2791.0,9795.826,0.001522064208984375,0.026257991790771484,0.0,2204.174000000001
196,09:57:30,0.4,0,700,6,7,15,9,9,7,15,0,2,7,2791.0,6708.998,0.0015938282012939453,0.0010030269622802734,0.0,-6708.998
196,09:57:30,0.4,100,700,6,7,15,9,9,7,13,2,2,7,2791.0,6708.998,0.0017020702362060547,0.0011048316955566406,0.0,-6508.998
196,09:57:30,0.4,500,700,6,7,15,9,14,2,3,12,7,2,2791.0,9795.826,0.0016639232635498047,0.01797795295715332,0.0,-3795.825999999999
196,09:57:30,0.4,1000,700,6,7,15,9,14,2,3,12,7,2,2791.0,9795.826,0.0016820430755615234,0.02733302116394043,0.0,2204.174000000001
155,07:44:30,0.2,0,10,2,3,6,6,3,6,6,0,0,6,3005.0,4926.075000000001,0.0006709098815917969,0.00061798095703125,0.0,-4926.075000000001
155,07:44:30,0.2,100,10,2,3,6,6,3,6,6,0,0,6,3005.0,4926.075000000001,0.0006117820739746094,0.0006349086761474609,0.0,-4926.075000000001
155,07:44:30,0.2,500,10,2,3,6,6,3,6,6,0,0,6,3005.0,4926.075000000001,0.0006320476531982422,0.0006608963012695312,0.0,-4926.075000000001
155,07:44:30,0.2,1000,10,2,3,6,6,5,4,5,1,2,4,1489.8581782390866,5708.795999999999,0.0006160736083984375,0.0006759166717529297,0.0,-4708.795999999999
155,07:44:30,0.2,0,100,2,3,14,13,4,12,14,0,1,12,1365.0,4926.075000000001,0.0029790401458740234,0.0011758804321289062,0.0,-4926.075000000001
155,07:44:30,0.2,100,100,2,3,14,13,4,12,14,0,1,12,1365.0,4926.075000000001,0.0030798912048339844,0.0011370182037353516,0.0,-4926.075000000001
155,07:44:30,0.2,500,100,2,3,14,13,6,10,13,1,3,10,3005.0,5347.071000000001,0.003223896026611328,0.0020439624786376953,0.0,-4847.071000000001
155,07:44:30,0.2,1000,100,2,3,14,13,5,11,13,1,2,11,1365.0,5085.363000000001,0.0032939910888671875,0.003144979476928711,0.0,-4085.363000000001
155,07:44:30,0.2,0,500,2,3,45,24,4,23,45,0,1,23,1365.0,4926.075000000001,0.02403879165649414,0.0027930736541748047,0.0,-4926.075000000001
155,07:44:30,0.2,100,500,2,3,45,24,5,22,41,4,2,22,1365.0,5107.106,0.023195981979370117,0.003962039947509766,0.0,-4707.106
155,07:44:30,0.2,500,500,2,3,45,24,11,16,35,10,8,16,1885.544254056309,6616.325,0.023478031158447266,0.007615089416503906,0.0,-1616.3249999999998
155,07:44:30,0.2,1000,500,2,3,45,24,12,15,35,10,9,15,1795.0008574922467,6878.033,0.0249631404876709,0.017447948455810547,0.0,3121.9669999999996
155,07:44:30,0.2,0,700,2,3,45,24,4,23,45,0,1,23,1365.0,4926.075000000001,0.023203134536743164,0.0027201175689697266,0.0,-4926.075000000001
155,07:44:30,0.2,100,700,2,3,45,24,5,22,41,4,2,22,1365.0,5107.106,0.023839950561523438,0.003256082534790039,0.0,-4707.106
155,07:44:30,0.2,500,700,2,3,45,24,11,16,35,10,8,16,1885.544254056309,6616.325,0.023717164993286133,0.007536888122558594,0.0,-1616.3249999999998
155,07:44:30,0.2,1000,700,2,3,45,24,12,15,35,10,9,15,1795.0008574922467,6878.033,0.024808883666992188,0.01659393310546875,0.0,3121.9669999999996
55,15:58:00,0.4,0,10,9,10,10,6,10,6,10,0,0,6,3861.0,10434.076999999997,0.0013806819915771484,0.0006201267242431641,0.0,-10434.076999999997
55,15:58:00,0.4,100,10,9,10,10,6,11,5,3,7,1,5,3861.0,10473.103,0.0010368824005126953,0.0006527900695800781,0.0,-9773.103
55,15:58:00,0.4,500,10,9,10,10,6,11,5,3,7,1,5,3861.0,10473.103,0.0010492801666259766,0.0007460117340087891,0.0,-6973.102999999999
55,15:58:00,0.4,1000,10,9,10,10,6,13,3,2,8,3,3,3861.0,11868.333999999999,0.0010769367218017578,0.001789093017578125,0.0,-3868.333999999999
55,15:58:00,0.4,0,100,9,10,24,13,11,12,24,0,1,12,3861.0,10434.076999999997,0.0032410621643066406,0.0012819766998291016,0.0,-10434.076999999997
55,15:58:00,0.4,100,100,9,10,24,13,14,9,9,15,4,9,3861.0,10491.82,0.004090070724487305,0.001230001449584961,0.0,-8991.82
55,15:58:00,0.4,500,100,9,10,24,13,15,8,8,16,5,8,3861.0,10844.038999999999,0.003385782241821289,0.0021800994873046875,0.0,-2844.0389999999998
55,15:58:00,0.4,1000,100,9,10,24,13,18,5,4,20,8,5,4057.943703769968,13122.076999999997,0.0030698776245117188,0.0024390220642089844,0.0,6877.9230000000025
55,15:58:00,0.4,0,500,9,10,71,28,14,24,71,0,4,24,3861.0,10434.077,0.018572092056274414,0.003136873245239258,0.0,-10434.077
55,15:58:00,0.4,100,500,9,10,71,28,19,19,38,33,9,19,3861.0,10643.6,0.017975807189941406,0.0027430057525634766,0.0,-7343.6
55,15:58:00,0.4,500,500,9,10,71,28,29,9,18,53,19,9,4390.138846635644,15916.841999999999,0.017675161361694336,0.04000997543334961,0.0,10583.158000000001
55,15:58:00,0.4,1000,500,9,10,71,28,30,8,17,54,20,8,4390.138846635644,16644.606,0.018391132354736328,0.04432106018066406,0.0,37355.394
55,15:58:00,0.4,0,700,9,10,71,28,14,24,71,0,4,24,3861.0,10434.077,0.01875782012939453,0.002731800079345703,0.0,-10434.077
55,15:58:00,0.4,100,700,9,10,71,28,19,19,38,33,9,19,3861.0,10643.6,0.018487930297851562,0.0029289722442626953,0.0,-7343.6
55,15:58:00,0.4,500,700,9,10,71,28,29,9,18,53,19,9,4390.138846635644,15916.841999999999,0.01798701286315918,0.04091906547546387,0.0,10583.158000000001
55,15:58:00,0.4,1000,700,9,10,71,28,30,8,17,54,20,8,4390.138846635644,16644.606,0.018132925033569336,0.04628300666809082,0.0,37355.394
196,16:23:30,0.2,0,10,3,4,6,3,5,2,6,0,1,2,2557.0,5133.188,0.0004119873046875,0.00048804283142089844,0.0,-5133.188
196,16:23:30,0.2,100,10,3,4,6,3,5,2,4,2,1,2,2557.0,5133.188,0.00039386749267578125,0.00047087669372558594,0.0,-4933.188
196,16:23:30,0.2,500,10,3,4,6,3,6,1,1,5,2,1,2557.0,6577.477999999999,0.0003876686096191406,0.0004258155822753906,0.0,-4077.477999999999
196,16:23:30,0.2,1000,10,3,4,6,3,6,1,1,5,2,1,2557.0,6577.477999999999,0.00039505958557128906,0.0003991127014160156,0.0,-1577.4779999999992
196,16:23:30,0.2,0,100,3,4,15,9,4,9,15,0,0,9,1994.0,5133.188,0.00177001953125,0.0010559558868408203,0.0,-5133.188
196,16:23:30,0.2,100,100,3,4,15,9,5,8,13,2,1,8,1994.0,5133.188,0.0018231868743896484,0.0008909702301025391,0.0,-4933.188
196,16:23:30,0.2,500,100,3,4,15,9,11,2,2,13,7,2,2107.835018491998,8076.742000000018,0.0017349720001220703,0.028285980224609375,0.0,-1576.7420000000184
196,16:23:30,0.2,1000,100,3,4,15,9,12,1,1,14,8,1,2557.0,8678.192000000001,0.0018689632415771484,0.014062881469726562,0.0,5321.807999999999
196,16:23:30,0.2,0,500,3,4,29,16,4,16,29,0,0,16,1994.0,5133.188,0.006420135498046875,0.001728057861328125,0.0,-5133.188
196,16:23:30,0.2,100,500,3,4,29,16,6,14,26,3,2,14,1994.0,5133.188000000001,0.00623011589050293,0.0043718814849853516,0.0,-4833.188000000001
196,16:23:30,0.2,500,500,3,4,29,16,16,4,4,25,12,4,2557.0,9581.375,0.006297111511230469,0.005398988723754883,0.0,2918.625
196,16:23:30,0.2,1000,500,3,4,29,16,16,4,4,25,12,4,2557.0,9581.375,0.00633692741394043,0.012658834457397461,0.0,15418.625
196,16:23:30,0.2,0,700,3,4,29,16,4,16,29,0,0,16,1994.0,5133.188,0.007163047790527344,0.0017690658569335938,0.0,-5133.188
196,16:23:30,0.2,100,700,3,4,29,16,6,14,26,3,2,14,1994.0,5133.188000000001,0.006474018096923828,0.004865169525146484,0.0,-4833.188000000001
196,16:23:30,0.2,500,700,3,4,29,16,16,4,4,25,12,4,2557.0,9581.375,0.006391048431396484,0.006178140640258789,0.0,2918.625
196,16:23:30,0.2,1000,700,3,4,29,16,16,4,4,25,12,4,2557.0,9581.375,0.007105112075805664,0.012764930725097656,0.0,15418.625
195,07:09:00,0,0,10,1,2,2,3,2,3,2,0,0,3,2615.0,4176.066000000001,0.0002720355987548828,0.0005619525909423828,0.0,-4176.066000000001
195,07:09:00,0,100,10,1,2,2,3,2,3,2,0,0,3,2615.0,4176.066000000001,0.0002560615539550781,0.00048089027404785156,0.0,-4176.066000000001
195,07:09:00,0,500,10,1,2,2,3,2,3,2,0,0,3,2615.0,4176.066000000001,0.00026106834411621094,0.0005669593811035156,0.0,-4176.066000000001
195,07:09:00,0,1000,10,1,2,2,3,2,3,2,0,0,3,2615.0,4176.066000000001,0.0002651214599609375,0.0005011558532714844,0.0,-4176.066000000001
195,07:09:00,0,0,100,1,2,20,12,2,12,20,0,0,12,2615.0,4176.066000000001,0.006192207336425781,0.0015110969543457031,0.0,-4176.066000000001
195,07:09:00,0,100,100,1,2,20,12,2,12,20,0,0,12,2615.0,4176.066000000001,0.006448268890380859,0.0017330646514892578,0.0,-4176.066000000001
195,07:09:00,0,500,100,1,2,20,12,13,1,1,19,11,1,2310.7949325936497,8854.437999999987,0.006216287612915039,0.009938955307006836,0.0,645.5620000000126
195,07:09:00,0,1000,100,1,2,20,12,14,0,0,20,12,0,2451.136289071819,9392.194,0.005995750427246094,0.0032541751861572266,0.0,10607.806
195,07:09:00,0,0,500,1,2,48,29,2,29,48,0,0,29,2615.0,4176.066000000001,0.08488011360168457,0.0054891109466552734,0.0,-4176.066000000001
195,07:09:00,0,100,500,1,2,48,29,3,28,47,1,1,28,2615.0,4176.066000000001,0.06370306015014648,0.008634090423583984,0.0,-4076.0660000000007
195,07:09:00,0,500,500,1,2,48,29,21,10,10,38,19,10,2604.6577587748798,9980.453181280474,0.06175708770751953,0.12572908401489258,0.0,9019.547181902246
195,07:09:00,0,1000,500,1,2,48,29,21,10,10,38,19,10,2615.0,9980.453,0.06270098686218262,0.1460251808166504,0.0,28019.547
195,07:09:00,0,0,700,1,2,48,29,2,29,48,0,0,29,2615.0,4176.066000000001,0.06357502937316895,0.005650997161865234,0.0,-4176.066000000001
195,07:09:00,0,100,700,1,2,48,29,3,28,47,1,1,28,2615.0,4176.066000000001,0.062232017517089844,0.008585929870605469,0.0,-4076.0660000000007
195,07:09:00,0,500,700,1,2,48,29,21,10,10,38,19,10,2604.6577587748798,9980.453181280474,0.06250905990600586,0.12419915199279785,0.0,9019.547181902246
195,07:09:00,0,1000,700,1,2,48,29,21,10,10,38,19,10,2615.0,9980.453,0.06261396408081055,0.1434340476989746,0.0,28019.547
199,16:04:00,1,0,10,19,20,13,1,21,0,13,0,1,0,5107.0,11329.088999999998,0.001416921615600586,0.00042891502380371094,0.0,-11329.088999999998
199,16:04:00,1,100,10,19,20,13,1,21,0,0,13,1,0,5107.0,11329.088999999998,0.0014498233795166016,0.000431060791015625,0.0,-10029.088999999998
199,16:04:00,1,500,10,19,20,13,1,21,0,0,13,1,0,5107.0,11329.088999999998,0.001405954360961914,0.0004298686981201172,0.0,-4829.088999999998
199,16:04:00,1,1000,10,19,20,13,1,21,0,0,13,1,0,5107.0,11329.088999999998,0.0014140605926513672,0.00041222572326660156,0.0,1670.9110000000019
199,16:04:00,1,0,100,19,20,32,5,21,4,32,0,1,4,5107.0,11329.088999999998,0.002755880355834961,0.000514984130859375,0.0,-11329.088999999998
199,16:04:00,1,100,100,19,20,32,5,21,4,4,28,1,4,5107.0,11329.088999999998,0.0027272701263427734,0.0005121231079101562,0.0,-8529.088999999998
199,16:04:00,1,500,100,19,20,32,5,22,3,3,29,2,3,5107.0,11765.768999999998,0.0027320384979248047,0.0005500316619873047,0.0,2734.2310000000016
199,16:04:00,1,1000,100,19,20,32,5,23,2,2,30,3,2,5028.4474841923075,12289.922999999997,0.0028791427612304688,0.0008189678192138672,0.0,17710.077000000005
199,16:04:00,1,0,500,19,20,43,8,20,8,43,0,0,8,5107.0,11329.088999999998,0.005053997039794922,0.0009930133819580078,0.0,-11329.088999999998
199,16:04:00,1,100,500,19,20,43,8,22,6,6,37,2,6,4928.0,11566.402999999998,0.004248857498168945,0.0010750293731689453,0.0,-7866.402999999998
199,16:04:00,1,500,500,19,20,43,8,24,4,4,39,4,4,4953.575929074206,12207.729999999998,0.004068136215209961,0.0010409355163574219,0.0,7292.270000000002
199,16:04:00,1,1000,500,19,20,43,8,25,3,3,40,5,3,5004.922855523735,12731.883999999996,0.0039958953857421875,0.0009629726409912109,0.0,27268.116
199,16:04:00,1,0,700,19,20,43,8,20,8,43,0,0,8,5107.0,11329.088999999998,0.004737138748168945,0.0008628368377685547,0.0,-11329.088999999998
199,16:04:00,1,100,700,19,20,43,8,22,6,6,37,2,6,4928.0,11566.402999999998,0.004210948944091797,0.000990152359008789,0.0,-7866.402999999998
199,16:04:00,1,500,700,19,20,43,8,24,4,4,39,4,4,4953.575929074206,12207.729999999998,0.004846096038818359,0.0009751319885253906,0.0,7292.270000000002
199,16:04:00,1,1000,700,19,20,43,8,25,3,3,40,5,3,5004.922855523735,12731.883999999996,0.003968954086303711,0.0009088516235351562,0.0,27268.116
55,18:56:00,0.2,0,10,5,6,3,5,7,4,3,0,1,4,6490.0,12126.927000000001,0.00045418739318847656,0.0004999637603759766,0.0,-12126.927000000001
55,18:56:00,0.2,100,10,5,6,3,5,7,4,3,0,1,4,6490.0,12126.927000000001,0.00046324729919433594,0.0005168914794921875,0.0,-12126.927000000001
55,18:56:00,0.2,500,10,5,6,3,5,7,4,3,0,1,4,6490.0,12126.927000000001,0.0004773139953613281,0.0005440711975097656,0.0,-12126.927000000001
55,18:56:00,0.2,1000,10,5,6,3,5,7,4,3,0,1,4,6490.0,12126.927000000001,0.0005209445953369141,0.0005559921264648438,0.0,-12126.927000000001
55,18:56:00,0.2,0,100,5,6,4,6,6,6,4,0,0,6,6490.0,12126.927000000001,0.0006058216094970703,0.0005559921264648438,0.0,-12126.927000000001
55,18:56:00,0.2,100,100,5,6,4,6,8,4,3,1,2,4,4267.0,12181.194000000001,0.0006022453308105469,0.0006821155548095703,0.0,-12081.194000000001
55,18:56:00,0.2,500,100,5,6,4,6,8,4,3,1,2,4,4267.0,12181.194000000001,0.000614166259765625,0.0005769729614257812,0.0,-11681.194000000001
55,18:56:00,0.2,1000,100,5,6,4,6,8,4,3,1,2,4,4267.0,12181.194000000001,0.0005831718444824219,0.0005450248718261719,0.0,-11181.194000000001
55,18:56:00,0.2,0,500,5,6,58,31,9,28,58,0,3,28,4267.0,12126.927,0.03206205368041992,0.006437063217163086,0.0,-12126.927
55,18:56:00,0.2,100,500,5,6,58,31,13,24,53,5,7,24,4277.886714089735,12358.991000000002,0.03129100799560547,0.006411075592041016,0.0,-11858.991000000002
55,18:56:00,0.2,500,500,5,6,58,31,17,20,47,11,11,20,4728.872382784553,14087.065000000002,0.03086400032043457,0.0400691032409668,0.0,-8587.065000000002
55,18:56:00,0.2,1000,500,5,6,58,31,18,19,46,12,12,19,6490.0,14627.29,0.03306293487548828,0.15691399574279785,0.0,-2627.290000000001
55,18:56:00,0.2,0,700,5,6,58,31,9,28,58,0,3,28,4267.0,12126.927,0.03157210350036621,0.005832195281982422,0.0,-12126.927
55,18:56:00,0.2,100,700,5,6,58,31,13,24,53,5,7,24,4277.886714089735,12358.991000000002,0.0328981876373291,0.006662845611572266,0.0,-11858.991000000002
55,18:56:00,0.2,500,700,5,6,58,31,17,20,47,11,11,20,4728.872382784553,14087.065000000002,0.03348875045776367,0.04118204116821289,0.0,-8587.065000000002
55,18:56:00,0.2,1000,700,5,6,58,31,18,19,46,12,12,19,6490.0,14627.29,0.0316319465637207,0.160383939743042,0.0,-2627.290000000001
195,07:09:00,0.2,0,10,4,5,3,3,5,3,3,0,0,3,3168.0,6398.221,0.00039505958557128906,0.0004940032958984375,0.0,-6398.221
195,07:09:00,0.2,100,10,4,5,3,3,5,3,3,0,0,3,3168.0,6398.221,0.0004038810729980469,0.000598907470703125,0.0,-6398.221
195,07:09:00,0.2,500,10,4,5,3,3,5,3,3,0,0,3,3168.0,6398.221,0.0003991127014160156,0.0006690025329589844,0.0,-6398.221
195,07:09:00,0.2,1000,10,4,5,3,3,5,3,3,0,0,3,3168.0,6398.221,0.0003829002380371094,0.0005328655242919922,0.0,-6398.221
195,07:09:00,0.2,0,100,4,5,19,9,5,9,19,0,0,9,2504.0,6398.221,0.0023648738861083984,0.001065969467163086,0.0,-6398.221
195,07:09:00,0.2,100,100,4,5,19,9,5,9,16,3,0,9,2504.0,6398.221,0.00222015380859375,0.0010368824005126953,0.0,-6098.221
195,07:09:00,0.2,500,100,4,5,19,9,6,8,15,4,1,8,2504.0,6696.791,0.0022509098052978516,0.003313779830932617,0.0,-4696.791
195,07:09:00,0.2,1000,100,4,5,19,9,7,7,15,4,2,7,3168.0,7252.814,0.002215862274169922,0.017447948455810547,0.0,-3252.8140000000003
195,07:09:00,0.2,0,500,4,5,48,26,5,26,48,0,0,26,2504.0,6398.221,0.019845008850097656,0.004551887512207031,0.0,-6398.221
195,07:09:00,0.2,100,500,4,5,48,26,6,25,42,6,1,25,2504.0,6398.221,0.01912069320678711,0.0048370361328125,0.0,-5798.221
195,07:09:00,0.2,500,500,4,5,48,26,14,17,31,17,9,17,2749.849974148099,9976.908,0.019160985946655273,0.03941988945007324,0.0,-1476.9079999999994
195,07:09:00,0.2,1000,500,4,5,48,26,15,16,31,17,10,16,3168.0,9976.908,0.01889824867248535,0.06374788284301758,0.0,7023.092000000001
195,07:09:00,0.2,0,700,4,5,48,26,5,26,48,0,0,26,2504.0,6398.221,0.01834869384765625,0.004384040832519531,0.0,-6398.221
195,07:09:00,0.2,100,700,4,5,48,26,6,25,42,6,1,25,2504.0,6398.221,0.01890110969543457,0.004918098449707031,0.0,-5798.221
195,07:09:00,0.2,500,700,4,5,48,26,14,17,31,17,9,17,2749.849974148099,9976.908,0.019295215606689453,0.03022289276123047,0.0,-1476.9079999999994
195,07:09:00,0.2,1000,700,4,5,48,26,15,16,31,17,10,16,3168.0,9976.908,0.018424034118652344,0.05904197692871094,0.0,7023.092000000001
196,09:57:30,0.2,0,10,3,4,1,1,4,1,1,0,0,1,2252.0,6050.156000000001,0.000225067138671875,0.00041604042053222656,0.0,-6050.156000000001
196,09:57:30,0.2,100,10,3,4,1,1,5,0,0,1,1,0,2252.0,6068.349,0.00018978118896484375,0.0003991127014160156,0.0,-5968.349
196,09:57:30,0.2,500,10,3,4,1,1,5,0,0,1,1,0,2252.0,6068.349,0.0002028942108154297,0.0005421638488769531,0.0,-5568.349
196,09:57:30,0.2,1000,10,3,4,1,1,5,0,0,1,1,0,2252.0,6068.349,0.00019097328186035156,0.00037288665771484375,0.0,-5068.349
196,09:57:30,0.2,0,100,3,4,5,5,4,5,5,0,0,5,2252.0,6050.156000000001,0.0004711151123046875,0.0005490779876708984,0.0,-6050.156000000001
196,09:57:30,0.2,100,100,3,4,5,5,5,4,4,1,1,4,2252.0,6068.349,0.00047898292541503906,0.0005238056182861328,0.0,-5968.349
196,09:57:30,0.2,500,100,3,4,5,5,6,3,3,2,2,3,2252.0,6568.3369999999995,0.0004851818084716797,0.0011119842529296875,0.0,-5568.3369999999995
196,09:57:30,0.2,1000,100,3,4,5,5,9,0,0,5,5,0,2348.421886184682,8195.719000000001,0.00045108795166015625,0.0005140304565429688,0.0,-3195.719000000001
196,09:57:30,0.2,0,500,3,4,15,10,4,10,15,0,0,10,2252.0,6050.156000000001,0.001667022705078125,0.0006771087646484375,0.0,-6050.156000000001
196,09:57:30,0.2,100,500,3,4,15,10,9,5,9,6,5,5,2252.0,6244.080000000002,0.0016450881958007812,0.0007078647613525391,0.0,-5644.080000000002
196,09:57:30,0.2,500,500,3,4,15,10,14,0,0,15,10,0,2348.421886184682,8676.52,0.0016090869903564453,0.0006909370422363281,0.0,-1176.5200000000004
196,09:57:30,0.2,1000,500,3,4,15,10,14,0,0,15,10,0,2348.421886184682,8676.52,0.0016350746154785156,0.0007460117340087891,0.0,6323.48
196,09:57:30,0.2,0,700,3,4,15,10,4,10,15,0,0,10,2252.0,6050.156000000001,0.0017209053039550781,0.0006880760192871094,0.0,-6050.156000000001
196,09:57:30,0.2,100,700,3,4,15,10,9,5,9,6,5,5,2252.0,6244.080000000002,0.0016810894012451172,0.0009779930114746094,0.0,-5644.080000000002
196,09:57:30,0.2,500,700,3,4,15,10,14,0,0,15,10,0,2348.421886184682,8676.52,0.0016620159149169922,0.0009410381317138672,0.0,-1176.5200000000004
196,09:57:30,0.2,1000,700,3,4,15,10,14,0,0,15,10,0,2348.421886184682,8676.52,0.0017309188842773438,0.0008738040924072266,0.0,6323.48
155,07:44:30,0.4,0,10,5,6,8,6,7,5,8,0,1,5,2946.0,5133.155000000001,0.0008502006530761719,0.0005040168762207031,0.0,-5133.155000000001
155,07:44:30,0.4,100,10,5,6,8,6,7,5,8,0,1,5,2946.0,5133.155000000001,0.0008311271667480469,0.0005590915679931641,0.0,-5133.155000000001
155,07:44:30,0.4,500,10,5,6,8,6,7,5,8,0,1,5,2946.0,5133.155000000001,0.0008168220520019531,0.0006759166717529297,0.0,-5133.155000000001
155,07:44:30,0.4,1000,10,5,6,8,6,7,5,8,0,1,5,2946.0,5133.155000000001,0.000804901123046875,0.0005779266357421875,0.0,-5133.155000000001
155,07:44:30,0.4,0,100,5,6,14,11,7,10,14,0,1,10,1605.0,5133.155000000001,0.002180814743041992,0.0007889270782470703,0.0,-5133.155000000001
155,07:44:30,0.4,100,100,5,6,14,11,6,11,14,0,0,11,1605.0,5133.155,0.0019578933715820312,0.0017549991607666016,0.0,-5133.155
155,07:44:30,0.4,500,100,5,6,14,11,8,9,13,1,2,9,1625.5194538892865,5411.928,0.0021181106567382812,0.0011169910430908203,0.0,-4911.928
155,07:44:30,0.4,1000,100,5,6,14,11,8,9,13,1,2,9,1625.5194538892865,5411.928,0.002045869827270508,0.0013051033020019531,0.0,-4411.928
155,07:44:30,0.4,0,500,5,6,45,20,6,20,45,0,0,20,1605.0,5133.155,0.013805866241455078,0.0022568702697753906,0.0,-5133.155
155,07:44:30,0.4,100,500,5,6,45,20,11,15,35,10,5,15,1675.9065929968965,5605.0,0.013470172882080078,0.0064220428466796875,0.0,-4605.0
155,07:44:30,0.4,500,500,5,6,45,20,12,14,34,11,6,14,1683.2447133738933,5633.118,0.013232946395874023,0.00432896614074707,0.0,-133.1180000000004
155,07:44:30,0.4,1000,500,5,6,45,20,12,14,34,11,6,14,1789.2447133738933,5633.118,0.013582229614257812,0.00424504280090332,0.0,5366.882
155,07:44:30,0.4,0,700,5,6,45,20,6,20,45,0,0,20,1605.0,5133.155,0.014143943786621094,0.0022008419036865234,0.0,-5133.155
155,07:44:30,0.4,100,700,5,6,45,20,11,15,35,10,5,15,1675.9065929968965,5605.0,0.014654874801635742,0.0073659420013427734,0.0,-4605.0
155,07:44:30,0.4,500,700,5,6,45,20,12,14,34,11,6,14,1683.2447133738933,5633.118,0.01342010498046875,0.004167079925537109,0.0,-133.1180000000004
155,07:44:30,0.4,1000,700,5,6,45,20,12,14,34,11,6,14,1789.2447133738933,5633.118,0.013522863388061523,0.00416111946105957,0.0,5366.882
55,15:58:00,0.2,0,10,4,5,8,8,5,8,8,0,0,8,3756.0,10188.632,0.0008630752563476562,0.0009708404541015625,0.0,-10188.632
55,15:58:00,0.2,100,10,4,5,8,8,8,5,3,5,3,5,3756.0,10326.693,0.0009508132934570312,0.0009679794311523438,0.0,-9826.693
55,15:58:00,0.2,500,10,4,5,8,8,9,4,2,6,4,4,3756.0,10436.537,0.0008442401885986328,0.001239776611328125,0.0,-7436.537
55,15:58:00,0.2,1000,10,4,5,8,8,9,4,2,6,4,4,3756.0,10436.537,0.0008208751678466797,0.0009860992431640625,0.0,-4436.537
55,15:58:00,0.2,0,100,4,5,20,16,6,15,20,0,1,15,3756.0,10188.632,0.004086971282958984,0.0015120506286621094,0.0,-10188.632
55,15:58:00,0.2,100,100,4,5,20,16,11,10,9,11,6,10,3756.0,10345.41,0.0037288665771484375,0.0015358924865722656,0.0,-9245.41
55,15:58:00,0.2,500,100,4,5,20,16,14,7,7,13,9,7,5282.0,10807.473,0.004155158996582031,0.0026788711547851562,0.0,-4307.473
55,15:58:00,0.2,1000,100,4,5,20,16,17,4,5,15,12,4,3756.0,12546.912000000002,0.004233121871948242,0.0033490657806396484,0.0,2453.087999999999
55,15:58:00,0.2,0,500,4,5,71,31,7,29,71,0,2,29,3756.0,10188.632,0.036437034606933594,0.0043718814849853516,0.0,-10188.632
55,15:58:00,0.2,100,500,4,5,71,31,14,22,42,29,9,22,3756.0,10404.219000000001,0.03669905662536621,0.0047800540924072266,0.0,-7504.219000000001
55,15:58:00,0.2,500,500,4,5,71,31,25,11,17,54,20,11,5282.0,16354.164999999999,0.038594722747802734,0.05525612831115723,0.0,10645.835000000001
55,15:58:00,0.2,1000,500,4,5,71,31,26,10,16,55,21,10,5282.0,17213.758,0.038239240646362305,0.045458078384399414,0.0,37786.242
55,15:58:00,0.2,0,700,4,5,71,31,7,29,71,0,2,29,3756.0,10188.632,0.03653979301452637,0.004271030426025391,0.0,-10188.632
55,15:58:00,0.2,100,700,4,5,71,31,14,22,42,29,9,22,3756.0,10404.219000000001,0.03643226623535156,0.004544973373413086,0.0,-7504.219000000001
55,15:58:00,0.2,500,700,4,5,71,31,25,11,17,54,20,11,5282.0,16354.164999999999,0.03863787651062012,0.04035496711730957,0.0,10645.835000000001
55,15:58:00,0.2,1000,700,4,5,71,31,26,10,16,55,21,10,5282.0,17213.758,0.03744792938232422,0.04503583908081055,0.0,37786.242
192,14:50:30,0.4,0,10,6,7,8,2,7,2,8,0,0,2,3236.0,6895.338,0.0005130767822265625,0.0005159378051757812,0.0,-6895.338
192,14:50:30,0.4,100,10,6,7,8,2,8,1,1,7,1,1,3236.0,6940.8139999999985,0.0005030632019042969,0.0004029273986816406,0.0,-6240.8139999999985
192,14:50:30,0.4,500,10,6,7,8,2,8,1,1,7,1,1,3236.0,6940.8139999999985,0.00047397613525390625,0.00039196014404296875,0.0,-3440.8139999999985
192,14:50:30,0.4,1000,10,6,7,8,2,8,1,1,7,1,1,3236.0,6940.8139999999985,0.0004849433898925781,0.0004279613494873047,0.0,59.18600000000151
192,14:50:30,0.4,0,100,6,7,25,9,7,9,25,0,0,9,2874.0,6895.338,0.0022230148315429688,0.0012309551239013672,0.0,-6895.338
192,14:50:30,0.4,100,100,6,7,25,9,11,5,8,17,4,5,2874.0,7002.563999999999,0.0022881031036376953,0.0011398792266845703,0.0,-5302.563999999999
192,14:50:30,0.4,500,100,6,7,25,9,15,1,1,24,8,1,2874.0,9209.721,0.0023517608642578125,0.0013248920440673828,0.0,2790.2790000000005
192,14:50:30,0.4,1000,100,6,7,25,9,15,1,1,24,8,1,2874.0,9209.721,0.0023322105407714844,0.0025801658630371094,0.0,14790.279
192,14:50:30,0.4,0,500,6,7,53,18,8,17,53,0,1,17,2874.0,6895.338000000001,0.009907007217407227,0.001953125,0.0,-6895.338000000001
192,14:50:30,0.4,100,500,6,7,53,18,13,12,23,30,6,12,2874.0,7102.364999999998,0.009329080581665039,0.003453969955444336,0.0,-4102.364999999998
192,14:50:30,0.4,500,500,6,7,53,18,18,7,6,47,11,7,2874.0,9309.521999999999,0.010135173797607422,0.0018849372863769531,0.0,14190.478000000001
192,14:50:30,0.4,1000,500,6,7,53,18,20,5,5,48,13,5,3092.491857551897,9809.738,0.009451150894165039,0.005178928375244141,0.0,38190.262
192,14:50:30,0.4,0,700,6,7,53,18,8,17,53,0,1,17,2874.0,6895.338000000001,0.00967717170715332,0.0017971992492675781,0.0,-6895.338000000001
192,14:50:30,0.4,100,700,6,7,53,18,13,12,23,30,6,12,2874.0,7102.364999999998,0.011069059371948242,0.00545501708984375,0.0,-4102.364999999998
192,14:50:30,0.4,500,700,6,7,53,18,18,7,6,47,11,7,2874.0,9309.521999999999,0.011167049407958984,0.0022389888763427734,0.0,14190.478000000001
192,14:50:30,0.4,1000,700,6,7,53,18,20,5,5,48,13,5,3092.491857551897,9809.738,0.010309934616088867,0.005476951599121094,0.0,38190.262
194,15:17:30,1,0,10,22,23,11,3,23,3,11,0,0,3,3960.0,8774.130999999998,0.0022292137145996094,0.000885009765625,0.0,-8774.130999999998
194,15:17:30,1,100,10,22,23,11,3,23,3,4,7,0,3,3960.0,8774.130999999998,0.002084016799926758,0.0006008148193359375,0.0,-8074.130999999998
194,15:17:30,1,500,10,22,23,11,3,26,0,0,11,3,0,3800.0,9770.212,0.001668691635131836,0.0006771087646484375,0.0,-4270.2119999999995
194,15:17:30,1,1000,10,22,23,11,3,26,0,0,11,3,0,3800.0,9770.212,0.0015869140625,0.0006148815155029297,0.0,1229.7880000000005
194,15:17:30,1,0,100,22,23,23,6,23,6,23,0,0,6,3960.0,8774.130999999998,0.0027828216552734375,0.0008490085601806641,0.0,-8774.130999999998
194,15:17:30,1,100,100,22,23,23,6,23,6,9,14,0,6,3960.0,8774.130999999998,0.002794981002807617,0.0008568763732910156,0.0,-7374.130999999998
194,15:17:30,1,500,100,22,23,23,6,27,2,2,21,4,2,3800.0,10145.330000000002,0.002808094024658203,0.0008389949798583984,0.0,354.66999999999825
194,15:17:30,1,1000,100,22,23,23,6,28,1,1,22,5,1,3800.0,10688.098000000002,0.002638101577758789,0.0008769035339355469,0.0,11311.901999999998
194,15:17:30,1,0,500,22,23,47,11,23,11,47,0,0,11,3960.0,8774.130999999998,0.005300283432006836,0.0010390281677246094,0.0,-8774.130999999998
194,15:17:30,1,100,500,22,23,47,11,26,8,12,35,3,8,3800.0,9353.68,0.0056247711181640625,0.001374959945678711,0.0,-5853.68
194,15:17:30,1,500,500,22,23,47,11,29,5,8,39,6,5,3800.0,10641.988999999998,0.0065119266510009766,0.0013260841369628906,0.0,8858.011000000002
194,15:17:30,1,1000,500,22,23,47,11,30,4,7,40,7,4,3800.0,11169.848999999998,0.005570888519287109,0.001255035400390625,0.0,28830.151
194,15:17:30,1,0,700,22,23,47,11,23,11,47,0,0,11,3960.0,8774.130999999998,0.005499839782714844,0.001049041748046875,0.0,-8774.130999999998
194,15:17:30,1,100,700,22,23,47,11,26,8,12,35,3,8,3800.0,9353.68,0.005616903305053711,0.0012891292572021484,0.0,-5853.68
194,15:17:30,1,500,700,22,23,47,11,29,5,8,39,6,5,3800.0,10641.988999999998,0.0057871341705322266,0.0013210773468017578,0.0,8858.011000000002
194,15:17:30,1,1000,700,22,23,47,11,30,4,7,40,7,4,3800.0,11169.848999999998,0.005547046661376953,0.0011858940124511719,0.0,28830.151
185,15:27:00,1,0,10,17,18,16,3,18,3,16,0,0,3,3606.0,7930.444000000001,0.0013420581817626953,0.00067901611328125,0.0,-7930.444000000001
185,15:27:00,1,100,10,17,18,16,3,18,3,2,14,0,3,3606.0,7930.444000000001,0.021741151809692383,0.0006051063537597656,0.0,-6530.444000000001
185,15:27:00,1,500,10,17,18,16,3,19,2,1,15,1,2,3416.0,8265.086,0.0018529891967773438,0.0007040500640869141,0.0,-765.0859999999993
185,15:27:00,1,1000,10,17,18,16,3,19,2,1,15,1,2,3416.0,8265.086,0.0016641616821289062,0.0006959438323974609,0.0,6734.914000000001
185,15:27:00,1,0,100,17,18,19,5,18,5,19,0,0,5,3606.0,7930.444000000001,0.001918792724609375,0.0006279945373535156,0.0,-7930.444000000001
185,15:27:00,1,100,100,17,18,19,5,18,5,4,15,0,5,3606.0,7930.444000000001,0.0018532276153564453,0.0005538463592529297,0.0,-6430.444000000001
185,15:27:00,1,500,100,17,18,19,5,20,3,2,17,2,3,3416.0,8535.911999999998,0.002607107162475586,0.0006999969482421875,0.0,-35.91199999999844
185,15:27:00,1,1000,100,17,18,19,5,21,2,1,18,3,2,3416.0,9163.797999999999,0.0018420219421386719,0.0005578994750976562,0.0,8836.202000000001
185,15:27:00,1,0,500,17,18,26,8,18,8,26,0,0,8,3606.0,7930.444000000001,0.002897977828979492,0.0010051727294921875,0.0,-7930.444000000001
185,15:27:00,1,100,500,17,18,26,8,18,8,8,18,0,8,3606.0,7930.444000000001,0.002871990203857422,0.0009739398956298828,0.0,-6130.444000000001
185,15:27:00,1,500,500,17,18,26,8,22,4,4,22,4,4,3484.5553939990423,9429.218999999997,0.002893686294555664,0.0011038780212402344,0.0,1570.7810000000027
185,15:27:00,1,1000,500,17,18,26,8,23,3,3,23,5,3,3484.5553939990423,10057.104999999998,0.002795696258544922,0.0010251998901367188,0.0,12942.895000000002
185,15:27:00,1,0,700,17,18,26,8,18,8,26,0,0,8,3606.0,7930.444000000001,0.0026578903198242188,0.0009138584136962891,0.0,-7930.444000000001
185,15:27:00,1,100,700,17,18,26,8,18,8,8,18,0,8,3606.0,7930.444000000001,0.002735137939453125,0.0009012222290039062,0.0,-6130.444000000001
185,15:27:00,1,500,700,17,18,26,8,22,4,4,22,4,4,3484.5553939990423,9429.218999999997,0.0030870437622070312,0.0030078887939453125,0.0,1570.7810000000027
185,15:27:00,1,1000,700,17,18,26,8,23,3,3,23,5,3,3484.5553939990423,10057.104999999998,0.0037229061126708984,0.0010459423065185547,0.0,12942.895000000002
198,10:24:30,0,0,10,1,2,1,2,2,2,1,0,0,2,720.5213180028586,2760.8729999999996,0.00020194053649902344,0.0004849433898925781,0.0,-2760.8729999999996
198,10:24:30,0,100,10,1,2,1,2,2,2,1,0,0,2,720.5213180028586,2760.8729999999996,0.00017213821411132812,0.00039196014404296875,0.0,-2760.8729999999996
198,10:24:30,0,500,10,1,2,1,2,2,2,1,0,0,2,720.5213180028586,2760.8729999999996,0.00016999244689941406,0.00036787986755371094,0.0,-2760.8729999999996
198,10:24:30,0,1000,10,1,2,1,2,4,0,0,1,2,0,853.5423004652839,3270.5789999999997,0.00016999244689941406,0.00033092498779296875,0.0,-2270.5789999999997
198,10:24:30,0,0,100,1,2,7,5,2,5,7,0,0,5,1729.0,2760.8729999999996,0.0007390975952148438,0.0004909038543701172,0.0,-2760.8729999999996
198,10:24:30,0,100,100,1,2,7,5,6,1,2,5,4,1,761.3909269863871,2917.476,0.000720977783203125,0.0005860328674316406,0.0,-2417.476
198,10:24:30,0,500,100,1,2,7,5,7,0,0,7,5,0,869.6575623359458,3332.3289999999997,0.0006909370422363281,0.0005447864532470703,0.0,167.67100000000028
198,10:24:30,0,1000,100,1,2,7,5,7,0,0,7,5,0,869.6575623359458,3332.3289999999997,0.0007009506225585938,0.0005369186401367188,0.0,3667.6710000000003
198,10:24:30,0,0,500,1,2,17,10,2,10,17,0,0,10,1729.0,2760.8729999999996,0.003704071044921875,0.0011639595031738281,0.0,-2760.8729999999996
198,10:24:30,0,100,500,1,2,17,10,8,4,6,11,6,4,761.3909269864016,2917.476,0.0037610530853271484,0.0012440681457519531,0.0,-1817.476
198,10:24:30,0,500,500,1,2,17,10,11,1,1,16,9,1,939.1637959317595,3598.6609999999996,0.0038878917694091797,0.0015099048614501953,0.0,4401.339
198,10:24:30,0,1000,500,1,2,17,10,12,0,0,17,10,0,1161.2313215819595,4449.573,0.003755807876586914,0.0012898445129394531,0.0,12550.427
198,10:24:30,0,0,700,1,2,17,10,2,10,17,0,0,10,1729.0,2760.8729999999996,0.003874063491821289,0.001203775405883789,0.0,-2760.8729999999996
198,10:24:30,0,100,700,1,2,17,10,8,4,6,11,6,4,761.3909269864016,2917.476,0.003929853439331055,0.001233816146850586,0.0,-1817.476
198,10:24:30,0,500,700,1,2,17,10,11,1,1,16,9,1,939.1637959317595,3598.6609999999996,0.0037958621978759766,0.0013840198516845703,0.0,4401.339
198,10:24:30,0,1000,700,1,2,17,10,12,0,0,17,10,0,1161.2313215819595,4449.573,0.003690004348754883,0.0011601448059082031,0.0,12550.427
191,07:22:00,0,0,10,1,2,6,5,2,5,6,0,0,5,2927.0,4674.585734896091,0.0006279945373535156,0.00047087669372558594,0.0,-4674.585734896091
191,07:22:00,0,100,10,1,2,6,5,7,0,0,6,5,0,1246.576635359721,4776.596734896091,0.0006198883056640625,0.0005161762237548828,0.0,-4176.596734896091
191,07:22:00,0,500,10,1,2,6,5,7,0,0,6,5,0,1246.576635359721,4776.596734896091,0.0006811618804931641,0.0005259513854980469,0.0,-1776.5967348960912
191,07:22:00,0,1000,10,1,2,6,5,7,0,0,6,5,0,1246.576635359721,4776.596734896091,0.0006620883941650391,0.0004909038543701172,0.0,1223.4032651039088
191,07:22:00,0,0,100,1,2,12,8,2,8,12,0,0,8,2927.0,4674.585734896091,0.001917123794555664,0.0008101463317871094,0.0,-4674.585734896091
191,07:22:00,0,100,100,1,2,12,8,9,1,1,11,7,1,1251.4798505828185,4795.384734896092,0.001968860626220703,0.0009279251098632812,0.0,-3695.3847348960917
191,07:22:00,0,500,100,1,2,12,8,10,0,0,12,8,0,1310.8095899051768,5022.722734896091,0.002086162567138672,0.0010249614715576172,0.0,977.2772651039086
191,07:22:00,0,1000,100,1,2,12,8,10,0,0,12,8,0,1310.8095899051768,5022.722734896091,0.0020449161529541016,0.0009479522705078125,0.0,6977.277265103909
191,07:22:00,0,0,500,1,2,31,16,2,16,31,0,0,16,2927.0,4674.585734896091,0.014265060424804688,0.002337932586669922,0.0,-4674.585734896091
191,07:22:00,0,100,500,1,2,31,16,10,8,12,19,8,8,1251.4798505828185,4795.384734896092,0.014092206954956055,0.002201080322265625,0.0,-2895.3847348960917
191,07:22:00,0,500,500,1,2,31,16,16,2,3,28,14,2,1899.300589964827,7277.685734896092,0.013760089874267578,0.002283811569213867,0.0,6722.314265103908
191,07:22:00,0,1000,500,1,2,31,16,17,1,1,30,15,1,2175.85101050885,8337.363734896091,0.013617992401123047,0.002344846725463867,0.0,21662.63626510391
191,07:22:00,0,0,700,1,2,31,16,2,16,31,0,0,16,2927.0,4674.585734896091,0.014341115951538086,0.002074003219604492,0.0,-4674.585734896091
191,07:22:00,0,100,700,1,2,31,16,10,8,12,19,8,8,1251.4798505828185,4795.384734896092,0.014119863510131836,0.002424001693725586,0.0,-2895.3847348960917
191,07:22:00,0,500,700,1,2,31,16,16,2,3,28,14,2,1899.300589964827,7277.685734896092,0.01430821418762207,0.00228118896484375,0.0,6722.314265103908
191,07:22:00,0,1000,700,1,2,31,16,17,1,1,30,15,1,2175.85101050885,8337.363734896091,0.013864994049072266,0.0025069713592529297,0.0,21662.63626510391
195,13:21:00,0,0,10,1,2,5,6,2,6,5,0,0,6,2585.0,4127.778,0.000759124755859375,0.0007958412170410156,0.0,-4127.778
195,13:21:00,0,100,10,1,2,5,6,2,6,5,0,0,6,2585.0,4127.778,0.0007419586181640625,0.0006229877471923828,0.0,-4127.778
195,13:21:00,0,500,10,1,2,5,6,3,5,3,2,1,5,1295.2768954306885,4963.205,0.0007829666137695312,0.0008800029754638672,0.0,-3963.205
195,13:21:00,0,1000,10,1,2,5,6,7,1,1,4,5,1,1661.1747643760464,6365.242,0.0007879734039306641,0.0007698535919189453,0.0,-2365.242
195,13:21:00,0,0,100,1,2,11,12,2,12,11,0,0,12,2585.0,4127.778,0.004004955291748047,0.0013730525970458984,0.0,-4127.778
195,13:21:00,0,100,100,1,2,11,12,2,12,11,0,0,12,2585.0,4127.778,0.0040628910064697266,0.0013651847839355469,0.0,-4127.778
195,13:21:00,0,500,100,1,2,11,12,8,6,5,6,6,6,1699.5523144834078,6512.296,0.003770112991333008,0.0024640560150146484,0.0,-3512.2960000000003
195,13:21:00,0,1000,100,1,2,11,12,13,1,1,10,11,1,2405.0153230136057,9215.469000000001,0.003958702087402344,0.0024309158325195312,0.0,784.530999999999
195,13:21:00,0,0,500,1,2,40,31,2,31,40,0,0,31,2585.0,4127.778,0.06092405319213867,0.006022930145263672,0.0,-4127.778
195,13:21:00,0,100,500,1,2,40,31,2,31,40,0,0,31,2585.0,4127.778,0.06051492691040039,0.005675077438354492,0.0,-4127.778
195,13:21:00,0,500,500,1,2,40,31,19,14,12,28,17,14,2572.2643387616336,9856.329000000003,0.060060977935791016,0.12962985038757324,0.0,4143.670999999997
195,13:21:00,0,1000,500,1,2,40,31,19,14,12,28,17,14,2585.0,9856.329,0.06109118461608887,0.16186285018920898,0.0,18143.671000000002
195,13:21:00,0,0,700,1,2,40,31,2,31,40,0,0,31,2585.0,4127.778,0.06496095657348633,0.007118940353393555,0.0,-4127.778
195,13:21:00,0,100,700,1,2,40,31,2,31,40,0,0,31,2585.0,4127.778,0.06363701820373535,0.005879878997802734,0.0,-4127.778
195,13:21:00,0,500,700,1,2,40,31,19,14,12,28,17,14,2572.2643387616336,9856.329000000003,0.060990095138549805,0.13273286819458008,0.0,4143.670999999997
195,13:21:00,0,1000,700,1,2,40,31,19,14,12,28,17,14,2585.0,9856.329,0.06106877326965332,0.10449981689453125,0.0,18143.671000000002
194,15:17:30,0.2,0,10,4,5,9,7,5,7,9,0,0,7,2535.0,7786.160000000001,0.0009570121765136719,0.0005679130554199219,0.0,-7786.160000000001
194,15:17:30,0.2,100,10,4,5,9,7,5,7,9,0,0,7,2535.0,7786.160000000001,0.0009219646453857422,0.0005540847778320312,0.0,-7786.160000000001
194,15:17:30,0.2,500,10,4,5,9,7,7,5,8,1,2,5,2535.0,8182.268,0.0009009838104248047,0.0005218982696533203,0.0,-7682.268
194,15:17:30,0.2,1000,10,4,5,9,7,7,5,8,1,2,5,2535.0,8182.268,0.0009160041809082031,0.0005478858947753906,0.0,-7182.268
194,15:17:30,0.2,0,100,4,5,23,16,6,15,23,0,1,15,2535.0,7786.16,0.004961967468261719,0.0014948844909667969,0.0,-7786.16
194,15:17:30,0.2,100,100,4,5,23,16,6,15,23,0,1,15,2535.0,7786.16,0.005095720291137695,0.0016810894012451172,0.0,-7786.16
194,15:17:30,0.2,500,100,4,5,23,16,9,12,20,3,4,12,2539.00433219994,8403.859,0.0055429935455322266,0.010283946990966797,0.0,-6903.859
194,15:17:30,0.2,1000,100,4,5,23,16,11,10,19,4,6,10,2869.4083079813863,9268.002,0.00513005256652832,0.00792694091796875,0.0,-5268.002
194,15:17:30,0.2,0,500,4,5,47,26,7,24,47,0,2,24,2535.0,7786.160000000002,0.01882791519165039,0.0028200149536132812,0.0,-7786.160000000002
194,15:17:30,0.2,100,500,4,5,47,26,9,22,45,2,4,22,2608.938700489147,7792.419,0.019652843475341797,0.007354021072387695,0.0,-7592.419
194,15:17:30,0.2,500,500,4,5,47,26,12,19,42,5,7,19,4371.0,8203.667,0.018886089324951172,0.024204015731811523,0.0,-5703.6669999999995
194,15:17:30,0.2,1000,500,4,5,47,26,17,14,38,9,12,14,2919.4227735027453,10851.502,0.018724918365478516,0.027189970016479492,0.0,-1851.5020000000004
194,15:17:30,0.2,0,700,4,5,48,26,7,24,48,0,2,24,2535.0,7786.160000000002,0.01996302604675293,0.0030059814453125,0.0,-7786.160000000002
194,15:17:30,0.2,100,700,4,5,48,26,9,22,46,2,4,22,2608.938700489147,7792.419,0.019583940505981445,0.00728297233581543,0.0,-7592.419
194,15:17:30,0.2,500,700,4,5,48,26,15,16,40,8,10,16,4371.0,9595.523,0.019107818603515625,0.025841951370239258,0.0,-5595.522999999999
194,15:17:30,0.2,1000,700,4,5,48,26,19,12,38,10,14,12,4371.0,10851.501999999999,0.020246028900146484,0.026021957397460938,0.0,-851.5019999999986
198,19:44:00,0.4,0,10,3,4,1,2,4,2,1,0,0,2,1368.0,3398.6359999999995,0.00024318695068359375,0.0005390644073486328,0.0,-3398.6359999999995
198,19:44:00,0.4,100,10,3,4,1,2,4,2,1,0,0,2,1368.0,3398.6359999999995,0.00021719932556152344,0.0004851818084716797,0.0,-3398.6359999999995
198,19:44:00,0.4,500,10,3,4,1,2,4,2,1,0,0,2,1368.0,3398.6359999999995,0.00022292137145996094,0.0005011558532714844,0.0,-3398.6359999999995
198,19:44:00,0.4,1000,10,3,4,1,2,4,2,1,0,0,2,1368.0,3398.6359999999995,0.00020575523376464844,0.0004699230194091797,0.0,-3398.6359999999995
198,19:44:00,0.4,0,100,3,4,13,8,5,7,13,0,1,7,1368.0,3398.636,0.0011568069458007812,0.0009748935699462891,0.0,-3398.636
198,19:44:00,0.4,100,100,3,4,13,8,8,4,5,8,4,4,1368.0,3525.063,0.0011370182037353516,0.001032114028930664,0.0,-2725.063
198,19:44:00,0.4,500,100,3,4,13,8,10,2,2,11,6,2,1368.0,4500.066999999999,0.0011739730834960938,0.001146078109741211,0.0,999.9330000000009
198,19:44:00,0.4,1000,100,3,4,13,8,11,1,1,12,7,1,1368.0,5064.277999999999,0.001280069351196289,0.0013470649719238281,0.0,6935.722000000001
198,19:44:00,0.4,0,500,3,4,23,12,5,11,23,0,1,11,1368.0,3398.636,0.003108978271484375,0.0012159347534179688,0.0,-3398.636
198,19:44:00,0.4,100,500,3,4,23,12,9,7,12,11,5,7,1368.0,3574.454,0.003050088882446289,0.0012121200561523438,0.0,-2474.454
198,19:44:00,0.4,500,500,3,4,23,12,15,1,1,22,11,1,1601.3410805893363,6135.973,0.003058910369873047,0.0014500617980957031,0.0,4864.027
198,19:44:00,0.4,1000,500,3,4,23,12,15,1,1,22,11,1,1601.3410805893363,6135.973,0.003016948699951172,0.001332998275756836,0.0,15864.027
198,19:44:00,0.4,0,700,3,4,23,12,5,11,23,0,1,11,1368.0,3398.636,0.003228902816772461,0.0012309551239013672,0.0,-3398.636
198,19:44:00,0.4,100,700,3,4,23,12,9,7,12,11,5,7,1368.0,3574.454,0.0030019283294677734,0.001191854476928711,0.0,-2474.454
198,19:44:00,0.4,500,700,3,4,23,12,15,1,1,22,11,1,1601.3410805893363,6135.973,0.0031251907348632812,0.0012798309326171875,0.0,4864.027
198,19:44:00,0.4,1000,700,3,4,23,12,15,1,1,22,11,1,1601.3410805893363,6135.973,0.0031599998474121094,0.0013260841369628906,0.0,15864.027
191,13:41:30,0,0,10,1,2,4,4,2,4,4,0,0,4,2999.0,4789.601684128704,0.00045013427734375,0.0005209445953369141,0.0,-4789.601684128704
191,13:41:30,0,100,10,1,2,4,4,5,1,1,3,3,1,1281.560180628905,4910.6456841287045,0.0004241466522216797,0.0005140304565429688,0.0,-4610.6456841287045
191,13:41:30,0,500,10,1,2,4,4,6,0,0,4,4,0,1392.5075604308586,5335.7706841287045,0.00045990943908691406,0.0006937980651855469,0.0,-3335.7706841287045
191,13:41:30,0,1000,10,1,2,4,4,6,0,0,4,4,0,1392.5075604308586,5335.7706841287045,0.0004496574401855469,0.0005769729614257812,0.0,-1335.7706841287045
191,13:41:30,0,0,100,1,2,8,6,2,6,8,0,0,6,2999.0,4789.601684128704,0.0011799335479736328,0.0007359981536865234,0.0,-4789.601684128704
191,13:41:30,0,100,100,1,2,8,6,5,3,4,4,3,3,1281.560180628905,4910.6456841287045,0.0010020732879638672,0.0008258819580078125,0.0,-4510.6456841287045
191,13:41:30,0,500,100,1,2,8,6,7,1,1,7,5,1,1455.351079280772,5576.572684128704,0.0009610652923583984,0.0006530284881591797,0.0,-2076.572684128704
191,13:41:30,0,1000,100,1,2,8,6,8,0,0,8,6,0,1591.106045279339,6096.754684128705,0.0009729862213134766,0.0006132125854492188,0.0,1903.2453158712951
191,13:41:30,0,0,500,1,2,23,13,2,13,23,0,0,13,2999.0,4789.601684128704,0.007498025894165039,0.0015430450439453125,0.0,-4789.601684128704
191,13:41:30,0,100,500,1,2,23,13,12,3,3,20,10,3,1544.2480832774527,5917.205684128705,0.007570981979370117,0.0015919208526611328,0.0,-3917.205684128705
191,13:41:30,0,500,500,1,2,23,13,14,1,1,22,12,1,1714.017082323022,6567.721684128705,0.007503032684326172,0.001814126968383789,0.0,4432.278315871295
191,13:41:30,0,1000,500,1,2,23,13,14,1,1,22,12,1,1714.017082323022,6567.721684128705,0.0076982975006103516,0.0018720626831054688,0.0,15432.278315871295
191,13:41:30,0,0,700,1,2,23,13,2,13,23,0,0,13,2999.0,4789.601684128704,0.00771021842956543,0.0016210079193115234,0.0,-4789.601684128704
191,13:41:30,0,100,700,1,2,23,13,12,3,3,20,10,3,1544.2480832774527,5917.205684128705,0.008636236190795898,0.0017960071563720703,0.0,-3917.205684128705
191,13:41:30,0,500,700,1,2,23,13,14,1,1,22,12,1,1714.017082323022,6567.721684128705,0.007380008697509766,0.001744985580444336,0.0,4432.278315871295
191,13:41:30,0,1000,700,1,2,23,13,14,1,1,22,12,1,1714.017082323022,6567.721684128705,0.007508039474487305,0.0016338825225830078,0.0,15432.278315871295
198,10:24:30,0.4,0,10,3,4,1,1,4,1,1,0,0,1,1113.0,2855.726,0.00018787384033203125,0.00028586387634277344,0.0,-2855.726
198,10:24:30,0.4,100,10,3,4,1,1,4,1,1,0,0,1,1113.0,2855.726,0.0001819133758544922,0.0003349781036376953,0.0,-2855.726
198,10:24:30,0.4,500,10,3,4,1,1,5,0,0,1,1,0,1171.278655153903,3270.5789999999997,0.00022482872009277344,0.0004208087921142578,0.0,-2770.5789999999997
198,10:24:30,0.4,1000,10,3,4,1,1,5,0,0,1,1,0,1171.278655153903,3270.5789999999997,0.00020623207092285156,0.00039005279541015625,0.0,-2270.5789999999997
198,10:24:30,0.4,0,100,3,4,7,3,4,3,7,0,0,3,1113.0,2855.726,0.0004591941833496094,0.0007381439208984375,0.0,-2855.726
198,10:24:30,0.4,100,100,3,4,7,3,5,2,2,5,1,2,1113.0,2917.476,0.0004150867462158203,0.00045418739318847656,0.0,-2417.476
198,10:24:30,0.4,500,100,3,4,7,3,6,1,1,6,2,1,1419.0,3332.3289999999997,0.0004258155822753906,0.00047016143798828125,0.0,-332.3289999999997
198,10:24:30,0.4,1000,100,3,4,7,3,7,0,0,7,3,0,1419.0,4257.166,0.0004589557647705078,0.0006198883056640625,0.0,2742.834
198,10:24:30,0.4,0,500,3,4,17,8,4,8,17,0,0,8,1113.0,2855.726,0.0015752315521240234,0.0010440349578857422,0.0,-2855.726
198,10:24:30,0.4,100,500,3,4,17,8,7,5,6,11,3,5,1113.0,2917.476,0.0015919208526611328,0.001074075698852539,0.0,-1817.476
198,10:24:30,0.4,500,500,3,4,17,8,10,2,2,15,6,2,1256.9001506203786,3598.6609999999996,0.00154876708984375,0.0011568069458007812,0.0,3901.3390000000004
198,10:24:30,0.4,1000,500,3,4,17,8,11,1,1,16,7,1,1355.9001506203786,4449.573,0.00150299072265625,0.00133514404296875,0.0,11550.427
198,10:24:30,0.4,0,700,3,4,17,8,4,8,17,0,0,8,1113.0,2855.726,0.0014948844909667969,0.0010979175567626953,0.0,-2855.726
198,10:24:30,0.4,100,700,3,4,17,8,7,5,6,11,3,5,1113.0,2917.476,0.0014798641204833984,0.0010528564453125,0.0,-1817.476
198,10:24:30,0.4,500,700,3,4,17,8,10,2,2,15,6,2,1256.9001506203786,3598.6609999999996,0.0015141963958740234,0.0009920597076416016,0.0,3901.3390000000004
198,10:24:30,0.4,1000,700,3,4,17,8,11,1,1,16,7,1,1355.9001506203786,4449.573,0.0015139579772949219,0.0012638568878173828,0.0,11550.427
155,07:44:30,1,0,10,12,13,4,1,13,1,4,0,0,1,3246.0,7060.512,0.0005249977111816406,0.0003509521484375,0.0,-7060.512
155,07:44:30,1,100,10,12,13,4,1,13,1,2,2,0,1,3246.0,7060.512,0.0005590915679931641,0.0004050731658935547,0.0,-6860.512
155,07:44:30,1,500,10,12,13,4,1,13,1,2,2,0,1,3246.0,7060.512,0.0005559921264648438,0.0004208087921142578,0.0,-6060.512
155,07:44:30,1,1000,10,12,13,4,1,14,0,0,4,1,0,3007.0,8157.828,0.0005779266357421875,0.0005390644073486328,0.0,-4157.828
155,07:44:30,1,0,100,12,13,5,2,13,2,5,0,0,2,3246.0,7060.512,0.0006709098815917969,0.0004329681396484375,0.0,-7060.512
155,07:44:30,1,100,100,12,13,5,2,14,1,2,3,1,1,3246.0,7088.63,0.0006442070007324219,0.0006191730499267578,0.0,-6788.63
155,07:44:30,1,500,100,12,13,5,2,14,1,2,3,1,1,3246.0,7088.63,0.0005979537963867188,0.0004382133483886719,0.0,-5588.63
155,07:44:30,1,1000,100,12,13,5,2,15,0,0,5,2,0,3007.0,8185.946000000001,0.0006411075592041016,0.0005178451538085938,0.0,-3185.946000000001
155,07:44:30,1,0,500,12,13,45,13,13,13,45,0,0,13,3246.0,7060.512,0.004606008529663086,0.0013251304626464844,0.0,-7060.512
155,07:44:30,1,100,500,12,13,45,13,16,10,16,29,3,10,3007.0,7741.233,0.004695892333984375,0.0014770030975341797,0.0,-4841.233
155,07:44:30,1,500,500,12,13,45,13,20,6,9,36,7,6,3007.0,9659.566999999997,0.004854917526245117,0.003022909164428711,0.0,8340.433000000003
155,07:44:30,1,1000,500,12,13,45,13,21,5,7,38,8,5,3007.0,10756.883,0.0055239200592041016,0.003175973892211914,0.0,27243.117
155,07:44:30,1,0,700,12,13,45,13,13,13,45,0,0,13,3246.0,7060.512,0.00456690788269043,0.00146484375,0.0,-7060.512
155,07:44:30,1,100,700,12,13,45,13,16,10,16,29,3,10,3007.0,7741.233,0.0046460628509521484,0.0014319419860839844,0.0,-4841.233
155,07:44:30,1,500,700,12,13,45,13,20,6,9,36,7,6,3007.0,9659.566999999997,0.004520893096923828,0.0027098655700683594,0.0,8340.433000000003
155,07:44:30,1,1000,700,12,13,45,13,21,5,7,38,8,5,3007.0,10756.883,0.004915952682495117,0.003008127212524414,0.0,27243.117
155,07:44:30,0,0,10,1,2,4,5,2,5,4,0,0,5,3085.0,4926.075000000002,0.0006771087646484375,0.0005700588226318359,0.0,-4926.075000000002
155,07:44:30,0,100,10,1,2,4,5,6,1,1,3,4,1,1299.7492394416622,4980.342000000001,0.0005409717559814453,0.0006070137023925781,0.0,-4680.342000000001
155,07:44:30,0,500,10,1,2,4,5,7,0,0,4,5,0,1368.0487204724413,5242.050000000001,0.0005450248718261719,0.0006930828094482422,0.0,-3242.050000000001
155,07:44:30,0,1000,10,1,2,4,5,7,0,0,4,5,0,1368.0487204724413,5242.050000000001,0.0005259513854980469,0.0005578994750976562,0.0,-1242.050000000001
155,07:44:30,0,0,100,1,2,13,14,2,14,13,0,0,14,3085.0,4926.075000000002,0.005465030670166016,0.0016050338745117188,0.0,-4926.075000000002
155,07:44:30,0,100,100,1,2,13,14,8,8,7,6,6,8,1299.7492394416622,4980.342000000001,0.0054759979248046875,0.0015151500701904297,0.0,-4380.342000000001
155,07:44:30,0,500,100,1,2,13,14,13,3,3,10,11,3,1527.102831961347,5851.509000000001,0.005459785461425781,0.001486063003540039,0.0,-851.5090000000009
155,07:44:30,0,1000,100,1,2,13,14,14,2,2,11,12,2,1663.6339402887133,6374.665000000001,0.005405902862548828,0.001641988754272461,0.0,4625.334999999999
155,07:44:30,0,0,500,1,2,45,25,2,25,45,0,0,25,3085.0,4926.075000000002,0.04622697830200195,0.005374908447265625,0.0,-4926.075000000002
155,07:44:30,0,100,500,1,2,45,25,18,9,12,33,16,9,1508.5336136960177,5780.356,0.04462480545043945,0.004812002182006836,0.0,-2480.3559999999998
155,07:44:30,0,500,500,1,2,45,25,22,5,6,39,20,5,1865.2952383082811,7147.385,0.04524683952331543,0.005118131637573242,0.0,12352.615
155,07:44:30,0,1000,500,1,2,45,25,26,1,1,44,24,1,2673.264622106897,10243.339,0.04512286186218262,0.0056650638580322266,0.0,33756.661
155,07:44:30,0,0,700,1,2,45,25,2,25,45,0,0,25,3085.0,4926.075000000002,0.04410815238952637,0.004240989685058594,0.0,-4926.075000000002
155,07:44:30,0,100,700,1,2,45,25,18,9,12,33,16,9,1508.5336136960177,5780.356,0.04495406150817871,0.0050048828125,0.0,-2480.3559999999998
155,07:44:30,0,500,700,1,2,45,25,22,5,6,39,20,5,1865.2952383082811,7147.385,0.044827938079833984,0.004803895950317383,0.0,12352.615
155,07:44:30,0,1000,700,1,2,45,25,26,1,1,44,24,1,2673.264622106897,10243.339,0.045915842056274414,0.007253885269165039,0.0,33756.661
191,13:41:30,1,0,10,14,15,6,1,15,1,6,0,0,1,2385.0,5202.024684128705,0.0006887912750244141,0.0004909038543701172,0.0,-5202.024684128705
191,13:41:30,1,100,10,14,15,6,1,15,1,1,5,0,1,2385.0,5202.024684128705,0.0006990432739257812,0.0004241466522216797,0.0,-4702.024684128705
191,13:41:30,1,500,10,14,15,6,1,16,0,0,6,1,0,2219.0,5535.810684128705,0.0007898807525634766,0.00047087669372558594,0.0,-2535.8106841287054
191,13:41:30,1,1000,10,14,15,6,1,16,0,0,6,1,0,2219.0,5535.810684128705,0.0006730556488037109,0.00044798851013183594,0.0,464.18931587129464
191,13:41:30,1,0,100,14,15,10,1,15,1,10,0,0,1,2385.0,5202.024684128705,0.0017142295837402344,0.0003190040588378906,0.0,-5202.024684128705
191,13:41:30,1,100,100,14,15,10,1,15,1,1,9,0,1,2385.0,5202.024684128705,0.0008046627044677734,0.00041222572326660156,0.0,-4302.024684128705
191,13:41:30,1,500,100,14,15,10,1,16,0,0,10,1,0,2219.0,5535.810684128705,0.0008180141448974609,0.0005459785461425781,0.0,-535.8106841287054
191,13:41:30,1,1000,100,14,15,10,1,16,0,0,10,1,0,2219.0,5535.810684128705,0.0009541511535644531,0.0004630088806152344,0.0,4464.189315871295
191,13:41:30,1,0,500,14,15,23,5,15,5,23,0,0,5,2385.0,5202.024684128705,0.002112865447998047,0.0007441043853759766,0.0,-5202.024684128705
191,13:41:30,1,100,500,14,15,23,5,16,4,5,18,1,4,2385.0,5202.024684128705,0.0021948814392089844,0.0006489753723144531,0.0,-3402.0246841287053
191,13:41:30,1,500,500,14,15,23,5,17,3,4,19,2,3,2219.0,5535.810684128705,0.0021407604217529297,0.0006649494171142578,0.0,3964.1893158712946
191,13:41:30,1,1000,500,14,15,23,5,17,3,4,19,2,3,2219.0,5535.810684128705,0.0020651817321777344,0.0006558895111083984,0.0,13464.189315871296
191,13:41:30,1,0,700,14,15,23,5,15,5,23,0,0,5,2385.0,5202.024684128705,0.002003908157348633,0.0004439353942871094,0.0,-5202.024684128705
191,13:41:30,1,100,700,14,15,23,5,16,4,5,18,1,4,2385.0,5202.024684128705,0.002061128616333008,0.0005719661712646484,0.0,-3402.0246841287053
191,13:41:30,1,500,700,14,15,23,5,17,3,4,19,2,3,2219.0,5535.810684128705,0.0021147727966308594,0.0005950927734375,0.0,3964.1893158712946
191,13:41:30,1,1000,700,14,15,23,5,17,3,4,19,2,3,2219.0,5535.810684128705,0.0019829273223876953,0.0005638599395751953,0.0,13464.189315871296
198,10:24:30,0.2,0,10,2,3,1,2,3,2,1,0,0,2,1063.0,2855.726,0.0002219676971435547,0.000453948974609375,0.0,-2855.726
198,10:24:30,0.2,100,10,2,3,1,2,3,2,1,0,0,2,1063.0,2855.726,0.00019812583923339844,0.0004010200500488281,0.0,-2855.726
198,10:24:30,0.2,500,10,2,3,1,2,5,0,0,1,2,0,1063.0,3270.5789999999997,0.00022411346435546875,0.0004119873046875,0.0,-2770.5789999999997
198,10:24:30,0.2,1000,10,2,3,1,2,5,0,0,1,2,0,1063.0,3270.5789999999997,0.00023412704467773438,0.00037598609924316406,0.0,-2270.5789999999997
198,10:24:30,0.2,0,100,2,3,7,4,4,3,7,0,1,3,1063.0,2855.726,0.0004911422729492188,0.0005500316619873047,0.0,-2855.726
198,10:24:30,0.2,100,100,2,3,7,4,6,1,2,5,3,1,1063.0,2917.476,0.0005040168762207031,0.0004730224609375,0.0,-2417.476
198,10:24:30,0.2,500,100,2,3,7,4,7,0,0,7,4,0,1063.0,3332.329,0.0005619525909423828,0.0005369186401367188,0.0,167.67099999999982
198,10:24:30,0.2,1000,100,2,3,7,4,7,0,0,7,4,0,1063.0,3332.329,0.0005230903625488281,0.0005359649658203125,0.0,3667.671
198,10:24:30,0.2,0,500,2,3,17,9,5,7,17,0,2,7,1063.0,2855.726,0.0020248889923095703,0.000762939453125,0.0,-2855.726
198,10:24:30,0.2,100,500,2,3,17,9,8,4,6,11,5,4,1063.0,2917.476,0.0018978118896484375,0.0007350444793701172,0.0,-1817.476
198,10:24:30,0.2,500,500,2,3,17,9,11,1,1,16,8,1,1063.0,3598.6609999999996,0.0019488334655761719,0.0006589889526367188,0.0,4401.339
198,10:24:30,0.2,1000,500,2,3,17,9,12,0,0,17,9,0,1161.2313215819595,4449.573,0.0018689632415771484,0.0006871223449707031,0.0,12550.427
198,10:24:30,0.2,0,700,2,3,17,9,5,7,17,0,2,7,1063.0,2855.726,0.0018908977508544922,0.0006520748138427734,0.0,-2855.726
198,10:24:30,0.2,100,700,2,3,17,9,8,4,6,11,5,4,1063.0,2917.476,0.001895904541015625,0.0006670951843261719,0.0,-1817.476
198,10:24:30,0.2,500,700,2,3,17,9,11,1,1,16,8,1,1063.0,3598.6609999999996,0.0027320384979248047,0.0006761550903320312,0.0,4401.339
198,10:24:30,0.2,1000,700,2,3,17,9,12,0,0,17,9,0,1161.2313215819595,4449.573,0.001961946487426758,0.0006899833679199219,0.0,12550.427
198,10:24:30,1,0,10,7,8,1,1,8,1,1,0,0,1,1176.0,2855.726,0.0002999305725097656,0.0003261566162109375,0.0,-2855.726
198,10:24:30,1,100,10,7,8,1,1,8,1,1,0,0,1,1176.0,2855.726,0.00028204917907714844,0.0003039836883544922,0.0,-2855.726
198,10:24:30,1,500,10,7,8,1,1,9,0,0,1,1,0,1185.3939170245794,3332.3289999999997,0.00028228759765625,0.0004889965057373047,0.0,-2832.3289999999997
198,10:24:30,1,1000,10,7,8,1,1,9,0,0,1,1,0,1185.3939170245794,3332.3289999999997,0.00039124488830566406,0.00037789344787597656,0.0,-2332.3289999999997
198,10:24:30,1,0,100,7,8,12,1,8,1,12,0,0,1,1351.0,2855.726,0.0006539821624755859,0.0004088878631591797,0.0,-2855.726
198,10:24:30,1,100,100,7,8,12,1,9,0,0,12,1,0,1185.3939170245794,3332.3289999999997,0.0005869865417480469,0.00040793418884277344,0.0,-2132.3289999999997
198,10:24:30,1,500,100,7,8,12,1,9,0,0,12,1,0,1185.3939170245794,3332.3289999999997,0.0005648136138916016,0.00045299530029296875,0.0,2667.6710000000003
198,10:24:30,1,1000,100,7,8,12,1,9,0,0,12,1,0,1185.3939170245794,3332.3289999999997,0.0005660057067871094,0.00035500526428222656,0.0,8667.671
198,10:24:30,1,0,500,7,8,17,4,8,4,17,0,0,4,1351.0,2855.726,0.0009558200836181641,0.00039196014404296875,0.0,-2855.726
198,10:24:30,1,100,500,7,8,17,4,9,3,3,14,1,3,1185.3939170245794,3332.3289999999997,0.0009069442749023438,0.0013530254364013672,0.0,-1932.3289999999997
198,10:24:30,1,500,500,7,8,17,4,9,3,3,14,1,3,1185.3939170245794,3332.3289999999997,0.0009548664093017578,0.0004570484161376953,0.0,3667.6710000000003
198,10:24:30,1,1000,500,7,8,17,4,10,2,2,15,2,2,1350.9999999999927,3865.7749999999996,0.0009140968322753906,0.0007169246673583984,0.0,11134.225
198,10:24:30,1,0,700,7,8,17,4,8,4,17,0,0,4,1351.0,2855.726,0.0009338855743408203,0.0006310939788818359,0.0,-2855.726
198,10:24:30,1,100,700,7,8,17,4,9,3,3,14,1,3,1185.3939170245794,3332.3289999999997,0.0008902549743652344,0.0004830360412597656,0.0,-1932.3289999999997
198,10:24:30,1,500,700,7,8,17,4,9,3,3,14,1,3,1185.3939170245794,3332.3289999999997,0.0010068416595458984,0.0005440711975097656,0.0,3667.6710000000003
198,10:24:30,1,1000,700,7,8,17,4,10,2,2,15,2,2,1350.9999999999927,3865.7749999999996,0.001010894775390625,0.0007429122924804688,0.0,11134.225
195,13:21:00,1,0,10,22,23,8,3,23,3,8,0,0,3,4310.0,9333.506,0.0013630390167236328,0.0005550384521484375,0.0,-9333.506
195,13:21:00,1,100,10,22,23,8,3,23,3,3,5,0,3,4310.0,9333.506,0.0030031204223632812,0.0006699562072753906,0.0,-8833.506
195,13:21:00,1,500,10,22,23,8,3,26,0,0,8,3,0,3950.0,10131.736,0.0015549659729003906,0.0005681514739990234,0.0,-6131.736000000001
195,13:21:00,1,1000,10,22,23,8,3,26,0,0,8,3,0,3950.0,10131.736,0.0015339851379394531,0.0005888938903808594,0.0,-2131.736000000001
195,13:21:00,1,0,100,22,23,18,5,23,5,18,0,0,5,4310.0,9333.506,0.002104043960571289,0.0006458759307861328,0.0,-9333.506
195,13:21:00,1,100,100,22,23,18,5,23,5,7,11,0,5,4310.0,9333.506,0.0022499561309814453,0.0008840560913085938,0.0,-8233.506
195,13:21:00,1,500,100,22,23,18,5,28,0,0,18,5,0,4198.532808398952,11627.895999999999,0.0019829273223876953,0.0007529258728027344,0.0,-2627.895999999999
195,13:21:00,1,1000,100,22,23,18,5,28,0,0,18,5,0,4198.532808398952,11627.895999999999,0.002226114273071289,0.0007188320159912109,0.0,6372.104000000001
195,13:21:00,1,0,500,22,23,40,13,24,12,40,0,1,12,4310.0,9333.506000000001,0.005285024642944336,0.0012521743774414062,0.0,-9333.506000000001
195,13:21:00,1,100,500,22,23,40,13,25,11,13,27,2,11,3950.0,9549.008000000002,0.00643610954284668,0.0014770030975341797,0.0,-6849.008000000002
195,13:21:00,1,500,500,22,23,40,13,31,5,3,37,8,5,4198.532808398952,12658.089000000002,0.005908012390136719,0.0017359256744384766,0.0,5841.910999999998
195,13:21:00,1,1000,500,22,23,40,13,31,5,3,37,8,5,4198.532808398952,12658.089000000002,0.005618095397949219,0.003290891647338867,0.0,24341.911
195,13:21:00,1,0,700,22,23,40,13,24,12,40,0,1,12,4310.0,9333.506000000001,0.005602121353149414,0.0012359619140625,0.0,-9333.506000000001
195,13:21:00,1,100,700,22,23,40,13,25,11,13,27,2,11,3950.0,9549.008000000002,0.00595402717590332,0.0015671253204345703,0.0,-6849.008000000002
195,13:21:00,1,500,700,22,23,40,13,31,5,3,37,8,5,4198.532808398952,12658.089000000002,0.005864143371582031,0.0014081001281738281,0.0,5841.910999999998
195,13:21:00,1,1000,700,22,23,40,13,31,5,3,37,8,5,4198.532808398952,12658.089000000002,0.005723714828491211,0.0032210350036621094,0.0,24341.911
191,07:22:00,1,0,10,13,14,13,0,14,0,13,0,0,0,2317.0,5095.854734896091,0.0008339881896972656,0.0003199577331542969,0.0,-5095.854734896091
191,07:22:00,1,100,10,13,14,13,0,14,0,0,13,0,0,2317.0,5095.854734896091,0.0008320808410644531,0.00041794776916503906,0.0,-3795.854734896091
191,07:22:00,1,500,10,13,14,13,0,14,0,0,13,0,0,2317.0,5095.854734896091,0.0008869171142578125,0.00045013427734375,0.0,1404.145265103909
191,07:22:00,1,1000,10,13,14,13,0,14,0,0,13,0,0,2317.0,5095.854734896091,0.000843048095703125,0.00043892860412597656,0.0,7904.145265103909
191,07:22:00,1,0,100,13,14,20,1,14,1,20,0,0,1,2317.0,5095.854734896091,0.0013709068298339844,0.00039696693420410156,0.0,-5095.854734896091
191,07:22:00,1,100,100,13,14,20,1,14,1,1,19,0,1,2317.0,5095.854734896091,0.0011599063873291016,0.0004990100860595703,0.0,-3195.854734896091
191,07:22:00,1,500,100,13,14,20,1,14,1,1,19,0,1,2317.0,5095.854734896091,0.001210927963256836,0.0003540515899658203,0.0,4404.145265103909
191,07:22:00,1,1000,100,13,14,20,1,14,1,1,19,0,1,2317.0,5095.854734896091,0.0011138916015625,0.0005040168762207031,0.0,13904.145265103909
191,07:22:00,1,0,500,13,14,31,5,14,5,31,0,0,5,2317.0,5095.854734896091,0.0020990371704101562,0.00037288665771484375,0.0,-5095.854734896091
191,07:22:00,1,100,500,13,14,31,5,14,5,7,24,0,5,2317.0,5095.854734896091,0.002788066864013672,0.0004839897155761719,0.0,-2695.854734896091
191,07:22:00,1,500,500,13,14,31,5,14,5,7,24,0,5,2317.0,5095.854734896091,0.0020248889923095703,0.00039005279541015625,0.0,6904.145265103909
191,07:22:00,1,1000,500,13,14,31,5,15,4,6,25,1,4,2197.0,5613.634734896091,0.0023088455200195312,0.00067901611328125,0.0,19386.36526510391
191,07:22:00,1,0,700,13,14,31,5,14,5,31,0,0,5,2317.0,5095.854734896091,0.003180980682373047,0.0004138946533203125,0.0,-5095.854734896091
191,07:22:00,1,100,700,13,14,31,5,14,5,7,24,0,5,2317.0,5095.854734896091,0.002310037612915039,0.000537872314453125,0.0,-2695.854734896091
191,07:22:00,1,500,700,13,14,31,5,14,5,7,24,0,5,2317.0,5095.854734896091,0.0020890235900878906,0.00044608116149902344,0.0,6904.145265103909
191,07:22:00,1,1000,700,13,14,31,5,15,4,6,25,1,4,2197.0,5613.634734896091,0.0027608871459960938,0.0004749298095703125,0.0,19386.36526510391
194,15:17:30,0,0,10,1,2,9,8,2,8,9,0,0,8,3909.0,6242.156000000001,0.00164794921875,0.0009479522705078125,0.0,-6242.156000000001
194,15:17:30,0,100,10,1,2,9,8,2,8,9,0,0,8,3909.0,6242.156000000001,0.0015988349914550781,0.0008361339569091797,0.0,-6242.156000000001
194,15:17:30,0,500,10,1,2,9,8,10,0,0,9,8,0,2416.9531436411344,9261.212000000001,0.0016291141510009766,0.001275777816772461,0.0,-4761.212000000001
194,15:17:30,0,1000,10,1,2,9,8,10,0,0,9,8,0,2416.9531436411344,9261.212000000001,0.0016150474548339844,0.0010979175567626953,0.0,-261.21200000000135
194,15:17:30,0,0,100,1,2,23,18,2,18,23,0,0,18,3909.0,6242.156000000001,0.01370692253112793,0.0024819374084472656,0.0,-6242.156000000001
194,15:17:30,0,100,100,1,2,23,18,5,15,21,2,3,15,3909.0,6299.7519999999995,0.01388406753540039,0.004107952117919922,6.951102274306705e-05,-6099.7519999999995
194,15:17:30,0,500,100,1,2,23,18,19,1,1,22,17,1,2613.775426509186,10015.389999999998,0.013873100280761719,0.0026819705963134766,0.0,984.6100000000024
194,15:17:30,0,1000,100,1,2,23,18,20,0,0,23,18,0,2769.7737711763257,10613.139999999998,0.013360261917114258,0.002774953842163086,0.0,12386.860000000002
194,15:17:30,0,0,500,1,2,47,29,2,29,47,0,0,29,3909.0,6242.156000000001,0.06303691864013672,0.006376981735229492,0.0,-6242.156000000001
194,15:17:30,0,100,500,1,2,47,29,18,13,18,29,16,13,2238.9493110236144,8579.142,0.06129622459411621,0.01599597930908203,0.0,-5679.142
194,15:17:30,0,500,500,1,2,47,29,29,2,2,45,27,2,3017.1128981746588,11560.887,0.06277871131896973,0.006654977798461914,0.0,10939.113
194,15:17:30,0,1000,500,1,2,47,29,31,0,0,47,29,0,3909.0,13135.418,0.06100273132324219,0.015531063079833984,0.0,33864.582
194,15:17:30,0,0,700,1,2,48,29,2,29,48,0,0,29,3909.0,6242.156000000001,0.0640249252319336,0.005643129348754883,0.0,-6242.156000000001
194,15:17:30,0,100,700,1,2,48,29,18,13,19,29,16,13,2238.9493110236144,8579.142,0.061949968338012695,0.016175031661987305,0.0,-5679.142
194,15:17:30,0,500,700,1,2,48,29,29,2,2,46,27,2,3017.1128981746588,11560.887,0.06425285339355469,0.006819009780883789,0.0,11439.113
194,15:17:30,0,1000,700,1,2,48,29,31,0,0,48,29,0,3909.0,13135.418,0.06200695037841797,0.015672922134399414,0.0,34864.582
198,19:44:00,0.2,0,10,1,2,1,2,2,2,1,0,0,2,859.3069971367222,3292.667999999999,0.000225067138671875,0.0005199909210205078,0.0,-3292.667999999999
198,19:44:00,0.2,100,10,1,2,1,2,2,2,1,0,0,2,859.3069971367222,3292.667999999999,0.00018262863159179688,0.00043582916259765625,0.0,-3292.667999999999
198,19:44:00,0.2,500,10,1,2,1,2,4,0,0,1,2,0,955.4319896802626,3660.9970000000003,0.00018835067749023438,0.00041794776916503906,0.0,-3160.9970000000003
198,19:44:00,0.2,1000,10,1,2,1,2,4,0,0,1,2,0,955.4319896802626,3660.9970000000003,0.0001819133758544922,0.0003829002380371094,0.0,-2660.9970000000003
198,19:44:00,0.2,0,100,1,2,13,10,2,10,13,0,0,10,2062.0,3292.667999999999,0.0031778812408447266,0.0011360645294189453,0.0,-3292.667999999999
198,19:44:00,0.2,100,100,1,2,13,10,9,3,3,10,7,3,903.8412297184404,3463.3130000000006,0.0030870437622070312,0.0010859966278076172,0.0,-2463.3130000000006
198,19:44:00,0.2,500,100,1,2,13,10,10,2,2,11,8,2,972.076510677638,3724.7750000000005,0.0029549598693847656,0.0011169910430908203,0.0,1775.2249999999995
198,19:44:00,0.2,1000,100,1,2,13,10,12,0,0,13,10,0,1363.4111787162983,5224.28,0.002946138381958008,0.0025229454040527344,0.0,7775.72
198,19:44:00,0.2,0,500,1,2,23,14,2,14,23,0,0,14,2062.0,3292.667999999999,0.008466958999633789,0.0015828609466552734,0.0,-3292.667999999999
198,19:44:00,0.2,100,500,1,2,23,14,10,6,9,14,8,6,916.7310904318729,3512.704,0.00837087631225586,0.001661062240600586,0.0,-2112.704
198,19:44:00,0.2,500,500,1,2,23,14,15,1,1,22,13,1,1399.0085525530885,5360.681,0.00941920280456543,0.0019059181213378906,0.0,5639.319
198,19:44:00,0.2,1000,500,1,2,23,14,16,0,0,23,14,0,1643.0977466595068,6295.974999999999,0.008605003356933594,0.01547694206237793,0.0,16704.025
198,19:44:00,0.2,0,700,1,2,23,14,2,14,23,0,0,14,2062.0,3292.667999999999,0.008852958679199219,0.001695871353149414,0.0,-3292.667999999999
198,19:44:00,0.2,100,700,1,2,23,14,10,6,9,14,8,6,916.7310904318729,3512.704,0.008565902709960938,0.0017189979553222656,0.0,-2112.704
198,19:44:00,0.2,500,700,1,2,23,14,15,1,1,22,13,1,1399.0085525530885,5360.681,0.008467912673950195,0.0016491413116455078,0.0,5639.319
198,19:44:00,0.2,1000,700,1,2,23,14,16,0,0,23,14,0,1643.0977466595068,6295.974999999999,0.008497953414916992,0.01417088508605957,0.0,16704.025
194,15:17:30,0.4,0,10,9,10,9,5,11,4,9,0,1,4,3817.0,8062.555000000001,0.0019011497497558594,0.0006909370422363281,0.0,-8062.555000000001
194,15:17:30,0.4,100,10,9,10,9,5,11,4,5,4,1,4,3817.0,8062.555000000001,0.0008628368377685547,0.0008580684661865234,0.0,-7662.555000000001
194,15:17:30,0.4,500,10,9,10,9,5,15,0,0,9,5,0,3326.0,9261.212,0.0008668899536132812,0.0010330677032470703,0.0,-4761.2119999999995
194,15:17:30,0.4,1000,10,9,10,9,5,15,0,0,9,5,0,3326.0,9261.212,0.0008399486541748047,0.0005970001220703125,0.0,-261.21199999999953
194,15:17:30,0.4,0,100,9,10,24,12,10,12,24,0,0,12,3326.0,8062.555000000001,0.0026819705963134766,0.00109100341796875,0.0,-8062.555000000001
194,15:17:30,0.4,100,100,9,10,24,12,14,8,10,14,4,8,3326.0,8252.212000000001,0.002769947052001953,0.001222848892211914,0.0,-6852.212000000001
194,15:17:30,0.4,500,100,9,10,24,12,20,2,2,22,10,2,3326.0,9747.208,0.0027968883514404297,0.001280069351196289,0.0,1252.7919999999995
194,15:17:30,0.4,1000,100,9,10,24,12,21,1,1,23,11,1,3326.0,10289.976,0.002824068069458008,0.0012209415435791016,0.0,12710.024
194,15:17:30,0.4,0,500,9,10,47,21,13,18,47,0,3,18,3326.0,8062.555,0.008296966552734375,0.001901865005493164,0.0,-8062.555
194,15:17:30,0.4,100,500,9,10,47,21,18,13,18,29,8,13,3326.0,8579.142,0.008101224899291992,0.0021419525146484375,0.0,-5679.142
194,15:17:30,0.4,500,500,9,10,47,21,25,6,10,37,15,6,3326.0,10278.422999999997,0.008170843124389648,0.002646923065185547,0.0,8221.577000000003
194,15:17:30,0.4,1000,500,9,10,47,21,25,6,10,37,15,6,3326.0,10278.422999999997,0.00852823257446289,0.0027158260345458984,0.0,26721.577000000005
194,15:17:30,0.4,0,700,9,10,48,21,13,18,48,0,3,18,3326.0,8062.555,0.008826971054077148,0.0019788742065429688,0.0,-8062.555
194,15:17:30,0.4,100,700,9,10,48,21,18,13,19,29,8,13,3326.0,8579.142,0.008511066436767578,0.0020759105682373047,0.0,-5679.142
194,15:17:30,0.4,500,700,9,10,48,21,25,6,10,38,15,6,3326.0,10278.422999999997,0.008363008499145508,0.0026340484619140625,0.0,8721.577000000003
194,15:17:30,0.4,1000,700,9,10,48,21,25,6,10,38,15,6,3326.0,10278.422999999997,0.008507966995239258,0.002744913101196289,0.0,27721.577000000005
185,15:27:00,0,0,10,1,2,4,5,2,5,4,0,0,5,4369.0,6975.874000000001,0.0005939006805419922,0.0005738735198974609,0.0,-6975.874000000001
185,15:27:00,0,100,10,1,2,4,5,5,2,1,3,3,2,1820.5350005965156,6975.874,0.0005476474761962891,0.0006451606750488281,0.0,-6675.874
185,15:27:00,0,500,10,1,2,4,5,5,2,1,3,3,2,1820.5350005965156,6975.874,0.0006227493286132812,0.0006058216094970703,0.0,-5475.874
185,15:27:00,0,1000,10,1,2,4,5,5,2,1,3,3,2,1820.5350005965156,6975.874,0.0006091594696044922,0.0008931159973144531,0.0,-3975.874
185,15:27:00,0,0,100,1,2,8,7,2,7,8,0,0,7,4369.0,6975.874000000001,0.001252889633178711,0.0007729530334472656,0.0,-6975.874000000001
185,15:27:00,0,100,100,1,2,8,7,7,2,1,7,5,2,1902.419321164387,7289.6359999999995,0.0012192726135253906,0.0008990764617919922,0.0,-6589.6359999999995
185,15:27:00,0,500,100,1,2,8,7,7,2,1,7,5,2,1902.419321164387,7289.6359999999995,0.0012459754943847656,0.0007219314575195312,0.0,-3789.6359999999995
185,15:27:00,0,1000,100,1,2,8,7,7,2,1,7,5,2,1902.419321164387,7289.6359999999995,0.0012040138244628906,0.0007240772247314453,0.0,-289.6359999999995
185,15:27:00,0,0,500,1,2,26,22,2,22,26,0,0,22,4369.0,6975.874000000001,0.04201912879943848,0.0033159255981445312,0.0,-6975.874000000001
185,15:27:00,0,100,500,1,2,26,22,13,11,11,15,11,11,1929.2053656645148,7392.274,0.022095918655395508,0.0034940242767333984,0.0,-5892.274
185,15:27:00,0,500,500,1,2,26,22,20,4,4,22,18,4,2384.770900441421,9137.897,0.02112293243408203,0.006482124328613281,0.0,1862.1029999999992
185,15:27:00,0,1000,500,1,2,26,22,22,2,2,24,20,2,2778.761781197798,10647.579999999998,0.021216154098510742,0.003673076629638672,0.0,13352.420000000002
185,15:27:00,0,0,700,1,2,26,22,2,22,26,0,0,22,4369.0,6975.874000000001,0.021916866302490234,0.0031349658966064453,0.0,-6975.874000000001
185,15:27:00,0,100,700,1,2,26,22,13,11,11,15,11,11,1929.2053656645148,7392.274,0.02199411392211914,0.0035448074340820312,0.0,-5892.274
185,15:27:00,0,500,700,1,2,26,22,20,4,4,22,18,4,2384.770900441421,9137.897,0.02155900001525879,0.006451129913330078,0.0,1862.1029999999992
185,15:27:00,0,1000,700,1,2,26,22,22,2,2,24,20,2,2778.761781197798,10647.579999999998,0.022496938705444336,0.0037450790405273438,0.0,13352.420000000002
195,13:21:00,0.2,0,10,4,5,8,8,6,7,8,0,1,7,2804.0,6729.126,0.0008389949798583984,0.0010180473327636719,0.0,-6729.126
195,13:21:00,0.2,100,10,4,5,8,8,6,7,7,1,1,7,2804.0,6729.126,0.0008242130279541016,0.0009968280792236328,0.0,-6629.126
195,13:21:00,0.2,500,10,4,5,8,8,10,3,3,5,5,3,3163.0,8109.609,0.0008997917175292969,0.0015461444854736328,0.0,-5609.609
195,13:21:00,0.2,1000,10,4,5,8,8,12,1,1,7,7,1,3163.0,10005.380000000001,0.0008561611175537109,0.0016829967498779297,0.0,-3005.380000000001
195,13:21:00,0.2,0,100,4,5,16,14,6,13,16,0,1,13,2804.0,6729.126,0.002701997756958008,0.0011680126190185547,0.0,-6729.126
195,13:21:00,0.2,100,100,4,5,16,14,7,12,12,4,2,12,2804.0,6763.152,0.002691030502319336,0.0011179447174072266,0.0,-6363.152
195,13:21:00,0.2,500,100,4,5,16,14,12,7,7,9,7,7,2804.0,8376.772,0.002831697463989258,0.0023119449615478516,0.0,-3876.772000000001
195,13:21:00,0.2,1000,100,4,5,16,14,15,4,3,13,10,4,3163.0,11427.923,0.0029540061950683594,0.0040171146392822266,0.0,1572.0769999999993
195,13:21:00,0.2,0,500,4,5,40,30,6,29,40,0,1,29,2804.0,6729.126,0.019563913345336914,0.0026040077209472656,0.0,-6729.126
195,13:21:00,0.2,100,500,4,5,40,30,10,25,31,9,5,25,2804.0,6763.152,0.01878190040588379,0.0034949779510498047,0.0,-5863.152
195,13:21:00,0.2,500,500,4,5,40,30,22,13,12,28,17,13,3163.0,11908.114,0.019113779067993164,0.11235308647155762,0.0,2091.8860000000004
195,13:21:00,0.2,1000,500,4,5,40,30,23,12,12,28,18,12,3163.0,11908.114,0.019138097763061523,0.1735541820526123,0.0,16091.886
195,13:21:00,0.2,0,700,4,5,40,30,6,29,40,0,1,29,2804.0,6729.126,0.018871068954467773,0.0021820068359375,0.0,-6729.126
195,13:21:00,0.2,100,700,4,5,40,30,10,25,31,9,5,25,2804.0,6763.152,0.01949310302734375,0.0036268234252929688,0.0,-5863.152
195,13:21:00,0.2,500,700,4,5,40,30,22,13,12,28,17,13,3163.0,11908.114,0.019150733947753906,0.11194014549255371,0.0,2091.8860000000004
195,13:21:00,0.2,1000,700,4,5,40,30,23,12,12,28,18,12,3163.0,11908.114,0.019623994827270508,0.16219305992126465,0.0,16091.886
194,07:10:00,0.2,0,10,4,5,8,8,5,8,8,0,0,8,2927.0,8138.182999999999,0.0009379386901855469,0.0008790493011474609,0.0,-8138.182999999999
194,07:10:00,0.2,100,10,4,5,8,8,9,4,3,5,4,4,2927.0,8460.606,0.000865936279296875,0.0008499622344970703,0.0,-7960.606
194,07:10:00,0.2,500,10,4,5,8,8,10,3,2,6,5,3,2927.0,8650.262999999999,0.0008392333984375,0.0008680820465087891,0.0,-5650.262999999999
194,07:10:00,0.2,1000,10,4,5,8,8,13,0,0,8,8,0,2927.0,10182.422,0.0008399486541748047,0.0009148120880126953,0.0,-2182.4220000000005
194,07:10:00,0.2,0,100,4,5,33,15,7,13,33,0,2,13,2927.0,8138.182999999998,0.006086111068725586,0.0010809898376464844,0.0,-8138.182999999998
194,07:10:00,0.2,100,100,4,5,33,15,12,8,8,25,7,8,2927.0,8849.314,0.005966901779174805,0.0011179447174072266,0.0,-6349.314
194,07:10:00,0.2,500,100,4,5,33,15,16,4,3,30,11,4,2927.0,9678.453000000001,0.006027936935424805,0.00131988525390625,0.0,5321.546999999999
194,07:10:00,0.2,1000,100,4,5,33,15,17,3,2,31,12,3,2927.0,10281.585000000001,0.007464885711669922,0.0018911361694335938,0.0,20718.415
194,07:10:00,0.2,0,500,4,5,51,23,9,19,51,0,4,19,2927.0,8138.183,0.01913285255432129,0.0020160675048828125,0.0,-8138.183
194,07:10:00,0.2,100,500,4,5,51,23,16,12,19,32,11,12,2927.0,9007.532000000001,0.017687082290649414,0.0020329952239990234,0.0,-5807.532000000001
194,07:10:00,0.2,500,500,4,5,51,23,25,3,3,48,20,3,3542.9842967072254,13575.905999999995,0.01752614974975586,0.0482180118560791,0.0,10424.094000000005
194,07:10:00,0.2,1000,500,4,5,51,23,27,1,1,50,22,1,3922.2985787998114,14917.774999999996,0.018255949020385742,0.036489009857177734,0.0,35082.225000000006
194,07:10:00,0.2,0,700,4,5,51,23,9,19,51,0,4,19,2927.0,8138.183,0.017730712890625,0.001817941665649414,0.0,-8138.183
194,07:10:00,0.2,100,700,4,5,51,23,16,12,19,32,11,12,2927.0,9007.532000000001,0.018062114715576172,0.0021431446075439453,0.0,-5807.532000000001
194,07:10:00,0.2,500,700,4,5,51,23,25,3,3,48,20,3,3542.9842967072254,13575.905999999995,0.018491744995117188,0.042530059814453125,0.0,10424.094000000005
194,07:10:00,0.2,1000,700,4,5,51,23,27,1,1,50,22,1,3922.2985787998114,14917.774999999996,0.01873016357421875,0.037457942962646484,0.0,35082.225000000006
55,15:58:00,0,0,10,1,2,3,5,2,5,3,0,0,5,5470.0,8733.268,0.0005712509155273438,0.0006010532379150391,0.0,-8733.268
55,15:58:00,0,100,10,1,2,3,5,4,3,2,1,2,3,2279.1724827010257,8733.268,0.0005838871002197266,0.0007441043853759766,0.0,-8633.268
55,15:58:00,0,500,10,1,2,3,5,4,3,2,1,2,3,2279.1724827010257,8733.268,0.0005528926849365234,0.000637054443359375,0.0,-8233.268
55,15:58:00,0,1000,10,1,2,3,5,5,2,1,2,3,2,2469.1013481269474,9461.032000000001,0.0005068778991699219,0.0006780624389648438,0.0,-7461.032000000001
55,15:58:00,0,0,100,1,2,15,13,2,13,15,0,0,13,5470.0,8733.268,0.005347013473510742,0.0014500617980957031,0.0,-8733.268
55,15:58:00,0,100,100,1,2,15,13,8,7,9,6,6,7,2279.1724827010257,8733.268,0.0058040618896484375,0.0016012191772460938,0.0,-8133.268
55,15:58:00,0,500,100,1,2,15,13,10,5,4,11,8,5,2477.87039936769,9494.633,0.00574183464050293,0.0016968250274658203,0.0,-3994.633
55,15:58:00,0,1000,100,1,2,15,13,13,2,1,14,11,2,3055.7806534836564,11709.053000000002,0.006469249725341797,0.0019040107727050781,0.0,2290.9469999999983
55,15:58:00,0,0,500,1,2,71,34,2,34,71,0,0,34,5470.0,8733.268,0.12323689460754395,0.008400917053222656,0.0,-8733.268
55,15:58:00,0,100,500,1,2,71,34,20,16,24,47,18,16,2735.448132903839,10481.612000000001,0.12429428100585938,0.015625953674316406,0.0,-5781.612000000001
55,15:58:00,0,500,500,1,2,71,34,29,7,7,64,27,7,3453.3322894297307,13232.380000000003,0.2182619571685791,0.058923959732055664,0.0,18767.619999999995
55,15:58:00,0,1000,500,1,2,71,34,34,2,1,70,32,2,5470.0,17980.696000000007,0.12507295608520508,0.07627201080322266,3.881892255520805e-05,52019.30399999999
55,15:58:00,0,0,700,1,2,71,34,2,34,71,0,0,34,5470.0,8733.268,0.12293887138366699,0.008450984954833984,0.0,-8733.268
55,15:58:00,0,100,700,1,2,71,34,20,16,24,47,18,16,2735.448132903839,10481.612000000001,0.12145876884460449,0.015518903732299805,0.0,-5781.612000000001
55,15:58:00,0,500,700,1,2,71,34,29,7,7,64,27,7,3453.3322894297307,13232.380000000003,0.12365078926086426,0.04054903984069824,0.0,18767.619999999995
55,15:58:00,0,1000,700,1,2,71,34,34,2,1,70,32,2,5470.0,17980.696000000007,0.12310194969177246,0.07301497459411621,3.881892255520805e-05,52019.30399999999
199,13:24:30,0,0,10,1,2,3,3,2,3,3,0,0,3,3444.0,5500.129000000001,0.0003440380096435547,0.0008058547973632812,0.0,-5500.129000000001
199,13:24:30,0,100,10,1,2,3,3,2,3,3,0,0,3,3444.0,5500.129000000001,0.0003230571746826172,0.0009870529174804688,0.0,-5500.129000000001
199,13:24:30,0,500,10,1,2,3,3,2,3,3,0,0,3,3444.0,5500.129000000001,0.00032210350036621094,0.0006291866302490234,0.0,-5500.129000000001
199,13:24:30,0,1000,10,1,2,3,3,2,3,3,0,0,3,3444.0,5500.129000000001,0.00030684471130371094,0.0008020401000976562,0.0,-5500.129000000001
199,13:24:30,0,0,100,1,2,17,15,2,15,17,0,0,15,3444.0,5500.129000000001,0.0074841976165771484,0.0023789405822753906,0.0,-5500.129000000001
199,13:24:30,0,100,100,1,2,17,15,2,15,17,0,0,15,3444.0,5500.129000000001,0.007494926452636719,0.0022950172424316406,0.0,-5500.129000000001
199,13:24:30,0,500,100,1,2,17,15,15,2,3,14,13,2,2717.7701473395355,10413.874000000002,0.0075109004974365234,0.0023658275604248047,0.0,-3413.8740000000016
199,13:24:30,0,1000,100,1,2,17,15,15,2,3,14,13,2,2717.7701473395355,10413.874000000002,0.0077402591705322266,0.0026140213012695312,0.0,3586.1259999999984
199,13:24:30,0,0,500,1,2,30,23,2,23,30,0,0,23,3444.0,5500.129000000001,0.0267488956451416,0.005090951919555664,0.0,-5500.129000000001
199,13:24:30,0,100,500,1,2,30,23,2,23,30,0,0,23,3444.0,5500.129000000001,0.026525259017944336,0.004683017730712891,0.0,-5500.129000000001
199,13:24:30,0,500,500,1,2,30,23,21,4,5,25,19,4,3239.079948103077,12411.414,0.0261077880859375,0.0052220821380615234,0.0,88.58599999999933
199,13:24:30,0,1000,500,1,2,30,23,23,2,4,26,21,2,3420.3684234073007,13106.069999999998,0.026788949966430664,0.006200075149536133,0.0,12893.930000000002
199,13:24:30,0,0,700,1,2,30,23,2,23,30,0,0,23,3444.0,5500.129000000001,0.02664017677307129,0.00477290153503418,0.0,-5500.129000000001
199,13:24:30,0,100,700,1,2,30,23,2,23,30,0,0,23,3444.0,5500.129000000001,0.026125669479370117,0.00486302375793457,0.0,-5500.129000000001
199,13:24:30,0,500,700,1,2,30,23,21,4,5,25,19,4,3239.079948103077,12411.414,0.02724003791809082,0.00519108772277832,0.0,88.58599999999933
199,13:24:30,0,1000,700,1,2,30,23,23,2,4,26,21,2,3420.3684234073007,13106.069999999998,0.02673482894897461,0.005154132843017578,0.0,12893.930000000002
196,09:57:30,1,0,10,14,15,4,2,15,2,4,0,0,2,3405.0,7393.793,0.0006918907165527344,0.00047087669372558594,0.0,-7393.793
196,09:57:30,1,100,10,14,15,4,2,15,2,2,2,0,2,3405.0,7393.793,0.0006318092346191406,0.0005271434783935547,0.0,-7193.793
196,09:57:30,1,500,10,14,15,4,2,16,1,1,3,1,1,3405.0,7721.192000000001,0.0006530284881591797,0.0004980564117431641,0.0,-6221.192000000001
196,09:57:30,1,1000,10,14,15,4,2,17,0,0,4,2,0,3405.0,8516.827000000001,0.0006699562072753906,0.00043320655822753906,0.0,-4516.827000000001
196,09:57:30,1,0,100,14,15,12,3,15,3,12,0,0,3,3405.0,7393.793,0.001107931137084961,0.0005390644073486328,0.0,-7393.793
196,09:57:30,1,100,100,14,15,12,3,15,3,8,4,0,3,3405.0,7393.793,0.001138925552368164,0.0006968975067138672,0.0,-6993.793
196,09:57:30,1,500,100,14,15,12,3,17,1,2,10,2,1,3143.0,8516.827000000001,0.0011649131774902344,0.0008308887481689453,0.0,-3516.827000000001
196,09:57:30,1,1000,100,14,15,12,3,18,0,0,12,3,0,3353.8571492483898,9521.330000000002,0.0011012554168701172,0.00061798095703125,0.0,2478.6699999999983
196,09:57:30,1,0,500,14,15,15,4,15,4,15,0,0,4,3405.0,7393.793,0.001268148422241211,0.0006060600280761719,0.0,-7393.793
196,09:57:30,1,100,500,14,15,15,4,15,4,11,4,0,4,3405.0,7393.793,0.0012409687042236328,0.0006940364837646484,0.0,-6993.793
196,09:57:30,1,500,500,14,15,15,4,19,0,0,15,4,0,3353.8571492483898,9544.195000000002,0.0012726783752441406,0.0007741451263427734,0.0,-2044.1950000000015
196,09:57:30,1,1000,500,14,15,15,4,19,0,0,15,4,0,3353.8571492483898,9544.195000000002,0.0012631416320800781,0.0007240772247314453,0.0,5455.8049999999985
196,09:57:30,1,0,700,14,15,15,4,15,4,15,0,0,4,3405.0,7393.793,0.0012340545654296875,0.0006768703460693359,0.0,-7393.793
196,09:57:30,1,100,700,14,15,15,4,15,4,11,4,0,4,3405.0,7393.793,0.001363992691040039,0.0009300708770751953,0.0,-6993.793
196,09:57:30,1,500,700,14,15,15,4,19,0,0,15,4,0,3353.8571492483898,9544.195000000002,0.0014107227325439453,0.0006940364837646484,0.0,-2044.1950000000015
196,09:57:30,1,1000,700,14,15,15,4,19,0,0,15,4,0,3353.8571492483898,9544.195000000002,0.0013041496276855469,0.0010499954223632812,0.0,5455.8049999999985
185,07:21:00,1,0,10,28,29,27,5,29,5,27,0,0,5,5911.0,12932.415000000003,0.002955198287963867,0.0006341934204101562,0.0,-12932.415000000003
185,07:21:00,1,100,10,28,29,27,5,29,5,6,21,0,5,5911.0,12932.415000000003,0.002911806106567383,0.0007200241088867188,0.0,-10832.415000000003
185,07:21:00,1,500,10,28,29,27,5,32,2,2,25,3,2,5533.0,14038.935000000001,0.0030069351196289062,0.0008099079132080078,0.0,-1538.9350000000013
185,07:21:00,1,1000,10,28,29,27,5,34,0,0,27,5,0,5533.0,15392.803000000004,0.003068208694458008,0.0009551048278808594,0.0,11607.196999999996
185,07:21:00,1,0,100,28,29,43,7,29,7,43,0,0,7,5911.0,12932.415000000003,0.004540920257568359,0.0006740093231201172,0.0,-12932.415000000003
185,07:21:00,1,100,100,28,29,43,7,30,6,8,35,1,6,5533.0,13112.992000000002,0.004369974136352539,0.0008971691131591797,0.0,-9612.992000000002
185,07:21:00,1,500,100,28,29,43,7,34,2,2,41,5,2,5533.0,15119.879000000003,0.004509925842285156,0.0009429454803466797,0.0,5380.120999999997
185,07:21:00,1,1000,100,28,29,43,7,35,1,1,42,6,1,5533.0,15797.969000000005,0.004339933395385742,0.0008909702301025391,0.0,26202.030999999995
185,07:21:00,1,0,500,28,29,89,19,29,19,89,0,0,19,5911.0,12932.415000000003,0.013197183609008789,0.002215862274169922,0.0,-12932.415000000003
185,07:21:00,1,100,500,28,29,89,19,32,16,26,63,3,16,5533.0,13595.236,0.01293802261352539,0.0023720264434814453,0.0,-7295.236000000001
185,07:21:00,1,500,500,28,29,89,19,40,8,10,79,11,8,5660.84032003102,17406.879999999997,0.012848854064941406,0.004328012466430664,0.0,22093.120000000003
185,07:21:00,1,1000,500,28,29,89,19,43,5,6,83,14,5,5812.809979718444,19837.02,0.01316523551940918,0.005615949630737305,0.0,63162.979999999996
185,07:21:00,1,0,700,28,29,89,19,29,19,89,0,0,19,5911.0,12932.415000000003,0.01325082778930664,0.0020759105682373047,0.0,-12932.415000000003
185,07:21:00,1,100,700,28,29,89,19,32,16,26,63,3,16,5533.0,13595.236,0.012607097625732422,0.0021409988403320312,0.0,-7295.236000000001
185,07:21:00,1,500,700,28,29,89,19,40,8,10,79,11,8,5660.84032003102,17406.879999999997,0.012719869613647461,0.0048580169677734375,0.0,22093.120000000003
185,07:21:00,1,1000,700,28,29,89,19,43,5,6,83,14,5,5812.809979718444,19837.02,0.012681961059570312,0.0054128170013427734,0.0,63162.979999999996
191,07:22:00,0.2,0,10,2,3,6,4,4,3,6,0,1,3,2378.0,4674.585734896091,0.0007507801055908203,0.0006670951843261719,0.0,-4674.585734896091
191,07:22:00,0.2,100,10,2,3,6,4,6,1,1,5,3,1,1768.0,4692.903734896091,0.0005869865417480469,0.0005319118499755859,0.0,-4192.903734896091
191,07:22:00,0.2,500,10,2,3,6,4,6,1,1,5,3,1,1768.0,4692.903734896091,0.0005838871002197266,0.000621795654296875,0.0,-2192.903734896091
191,07:22:00,0.2,1000,10,2,3,6,4,6,1,1,5,3,1,1768.0,4692.903734896091,0.0005519390106201172,0.000576019287109375,0.0,307.096265103909
191,07:22:00,0.2,0,100,2,3,12,7,3,7,12,0,0,7,1768.0,4674.585734896091,0.0012710094451904297,0.0006649494171142578,0.0,-4674.585734896091
191,07:22:00,0.2,100,100,2,3,12,7,7,3,5,7,4,3,1768.0,4776.596734896091,0.0012617111206054688,0.0006811618804931641,0.0,-4076.596734896091
191,07:22:00,0.2,500,100,2,3,12,7,9,1,1,11,6,1,2378.0,5690.144734896091,0.001207113265991211,0.0020439624786376953,0.0,-190.144734896091
191,07:22:00,0.2,1000,100,2,3,12,7,10,0,0,12,7,0,1768.0,6399.636734896091,0.0012133121490478516,0.001920938491821289,0.0,5600.363265103909
191,07:22:00,0.2,0,500,2,3,31,15,4,14,31,0,1,14,1768.0,4674.585734896091,0.006971836090087891,0.0012319087982177734,0.0,-4674.585734896091
191,07:22:00,0.2,100,500,2,3,31,15,7,11,18,13,4,11,1768.0,4776.596734896091,0.007824897766113281,0.0028450489044189453,0.0,-3476.596734896091
191,07:22:00,0.2,500,500,2,3,31,15,15,3,4,27,12,3,2073.4816475883053,7945.107734896093,0.007097005844116211,0.00834798812866211,0.0,5554.892265103907
191,07:22:00,0.2,1000,500,2,3,31,15,16,2,2,29,13,2,2350.0320681323356,9004.785734896092,0.007316112518310547,0.02284097671508789,0.0,19995.21426510391
191,07:22:00,0.2,0,700,2,3,31,15,4,14,31,0,1,14,1768.0,4674.585734896091,0.0073511600494384766,0.0015630722045898438,0.0,-4674.585734896091
191,07:22:00,0.2,100,700,2,3,31,15,7,11,18,13,4,11,1768.0,4776.596734896091,0.007088899612426758,0.0028181076049804688,0.0,-3476.596734896091
191,07:22:00,0.2,500,700,2,3,31,15,15,3,4,27,12,3,2073.4816475883053,7945.107734896093,0.007009983062744141,0.008445978164672852,0.0,5554.892265103907
191,07:22:00,0.2,1000,700,2,3,31,15,16,2,2,29,13,2,2350.0320681323356,9004.785734896092,0.0070841312408447266,0.01817488670349121,0.0,19995.21426510391
199,16:04:00,0.4,0,10,8,9,1,1,9,1,1,0,0,1,4495.0,9307.471,0.0003409385681152344,0.00034117698669433594,0.0,-9307.471
199,16:04:00,0.4,100,10,8,9,1,1,9,1,1,0,0,1,4495.0,9307.471,0.0003352165222167969,0.00051116943359375,0.0,-9307.471
199,16:04:00,0.4,500,10,8,9,1,1,10,0,0,1,1,0,4495.0,9545.681999999999,0.00035881996154785156,0.0004260540008544922,0.0,-9045.681999999999
199,16:04:00,0.4,1000,10,8,9,1,1,10,0,0,1,1,0,4495.0,9545.681999999999,0.00033211708068847656,0.00043582916259765625,0.0,-8545.681999999999
199,16:04:00,0.4,0,100,8,9,10,3,9,3,10,0,0,3,3757.0,9307.471,0.0007197856903076172,0.0006861686706542969,0.0,-9307.471
199,16:04:00,0.4,100,100,8,9,10,3,10,2,4,6,1,2,3757.0,9545.681999999999,0.0007219314575195312,0.0006778240203857422,0.0,-8945.681999999999
199,16:04:00,0.4,500,100,8,9,10,3,11,1,1,9,2,1,3757.0,10009.136,0.0007097721099853516,0.0006098747253417969,0.0,-5509.136
199,16:04:00,0.4,1000,100,8,9,10,3,12,0,0,10,3,0,3757.0,10568.310000000001,0.0007050037384033203,0.0005598068237304688,0.0,-568.3100000000013
199,16:04:00,0.4,0,500,8,9,27,15,10,14,27,0,1,14,3757.0,9307.471000000001,0.005955934524536133,0.001260995864868164,0.0,-9307.471000000001
199,16:04:00,0.4,100,500,8,9,27,15,13,11,18,9,4,11,3757.0,9571.898,0.006200075149536133,0.001361846923828125,0.0,-8671.898
199,16:04:00,0.4,500,500,8,9,27,15,21,3,7,20,12,3,3757.0,12546.408,0.006231069564819336,0.001535177230834961,0.0,-2546.4079999999994
199,16:04:00,0.4,1000,500,8,9,27,15,22,2,6,21,13,2,3885.21303089954,13134.624,0.006238222122192383,0.0023260116577148438,0.0,7865.376
199,16:04:00,0.4,0,700,8,9,43,16,10,15,43,0,1,15,3757.0,9307.471000000001,0.009207010269165039,0.0014750957489013672,0.0,-9307.471000000001
199,16:04:00,0.4,100,700,8,9,43,16,13,12,16,27,4,12,3757.0,10009.136,0.009155035018920898,0.0014591217041015625,0.0,-7309.136
199,16:04:00,0.4,500,700,8,9,43,16,21,4,9,34,12,4,3757.0,12546.408,0.008985280990600586,0.0014598369598388672,0.0,4453.592000000001
199,16:04:00,0.4,1000,700,8,9,43,16,23,2,6,37,14,2,4216.031302195181,14402.244,0.010282039642333984,0.001911163330078125,0.0,22597.756
193,13:30:30,1,0,10,14,15,9,2,15,2,9,0,0,2,2548.0,5866.755,0.0009648799896240234,0.0006449222564697266,0.0,-5866.755
193,13:30:30,1,100,10,14,15,9,2,15,2,2,7,0,2,2548.0,5866.755,0.0010979175567626953,0.0006010532379150391,0.0,-5166.755
193,13:30:30,1,500,10,14,15,9,2,17,0,0,9,2,0,2548.0,6622.573000000001,0.0008931159973144531,0.0006330013275146484,0.0,-2122.5730000000012
193,13:30:30,1,1000,10,14,15,9,2,17,0,0,9,2,0,2548.0,6622.573000000001,0.0008907318115234375,0.0005800724029541016,0.0,2377.4269999999988
193,13:30:30,1,0,100,14,15,28,6,15,6,28,0,0,6,2647.0,5866.755,0.0023949146270751953,0.0006051063537597656,0.0,-5866.755
193,13:30:30,1,100,100,14,15,28,6,15,6,9,19,0,6,2647.0,5866.755,0.0025773048400878906,0.0010340213775634766,0.0,-3966.755
193,13:30:30,1,500,100,14,15,28,6,18,3,6,22,3,3,2548.0,6905.104000000001,0.0026128292083740234,0.0007390975952148438,0.0,4094.895999999999
193,13:30:30,1,1000,100,14,15,28,6,18,3,6,22,3,3,2548.0,6905.104000000001,0.002610921859741211,0.0006780624389648438,0.0,15094.895999999999
193,13:30:30,1,0,500,14,15,48,9,15,9,48,0,0,9,2548.0,5866.755,0.004168987274169922,0.0008361339569091797,0.0,-5866.755
193,13:30:30,1,100,500,14,15,48,9,15,9,15,33,0,9,2548.0,5866.755,0.0041980743408203125,0.0008471012115478516,0.0,-2566.755
193,13:30:30,1,500,500,14,15,48,9,18,6,12,36,3,6,2548.0,6905.104000000001,0.00403285026550293,0.0007328987121582031,0.0,11094.895999999999
193,13:30:30,1,1000,500,14,15,48,9,19,5,11,37,4,5,2548.0,7692.413000000001,0.0042607784271240234,0.0007369518280029297,0.0,29307.587
193,13:30:30,1,0,700,14,15,48,9,15,9,48,0,0,9,2548.0,5866.755,0.004962921142578125,0.0007989406585693359,0.0,-5866.755
193,13:30:30,1,100,700,14,15,48,9,15,9,15,33,0,9,2548.0,5866.755,0.0044329166412353516,0.0008320808410644531,0.0,-2566.755
193,13:30:30,1,500,700,14,15,48,9,18,6,12,36,3,6,2548.0,6905.104000000001,0.004166841506958008,0.0007479190826416016,0.0,11094.895999999999
193,13:30:30,1,1000,700,14,15,48,9,19,5,11,37,4,5,2548.0,7692.413000000001,0.004229068756103516,0.000701904296875,0.0,29307.587
193,13:30:30,0.2,0,10,3,4,5,6,4,6,5,0,0,6,3215.0,5320.622,0.0005831718444824219,0.0004420280456542969,0.0,-5320.622
193,13:30:30,0.2,100,10,3,4,5,6,4,6,5,0,0,6,3215.0,5320.622,0.0007441043853759766,0.0005829334259033203,0.0,-5320.622
193,13:30:30,0.2,500,10,3,4,5,6,5,5,4,1,1,5,3215.0,5513.550000000001,0.0005941390991210938,0.0005459785461425781,0.0,-5013.550000000001
193,13:30:30,0.2,1000,10,3,4,5,6,5,5,4,1,1,5,3215.0,5513.550000000001,0.0005960464477539062,0.0005719661712646484,0.0,-4513.550000000001
193,13:30:30,0.2,0,100,3,4,23,13,4,13,23,0,0,13,3215.0,5320.622,0.0043790340423583984,0.0012481212615966797,0.0,-5320.622
193,13:30:30,0.2,100,100,3,4,23,13,7,10,18,5,3,10,1503.0,5513.55,0.0043048858642578125,0.0014159679412841797,0.0,-5013.55
193,13:30:30,0.2,500,100,3,4,23,13,9,8,16,7,5,8,3215.0,6138.485000000001,0.004111051559448242,0.002756834030151367,0.0,-2638.4850000000006
193,13:30:30,0.2,1000,100,3,4,23,13,9,8,16,7,5,8,3215.0,6138.485000000001,0.0040280818939208984,0.0024590492248535156,0.0,861.5149999999994
193,13:30:30,0.2,0,500,3,4,48,20,5,19,48,0,1,19,1503.0,5320.621999999999,0.015904903411865234,0.002048015594482422,0.0,-5320.621999999999
193,13:30:30,0.2,100,500,3,4,48,20,9,15,33,15,5,15,1548.970591744226,5720.25,0.01670980453491211,0.0024340152740478516,0.0,-4220.25
193,13:30:30,0.2,500,500,3,4,48,20,12,12,29,19,8,12,1780.516173049371,6822.531,0.016633033752441406,0.003247976303100586,0.0,2677.469
193,13:30:30,0.2,1000,500,3,4,48,20,12,12,29,19,8,12,1780.516173049371,6822.531,0.016176939010620117,0.0027370452880859375,0.0,12177.469000000001
193,13:30:30,0.2,0,700,3,4,48,20,5,19,48,0,1,19,1503.0,5320.621999999999,0.01713109016418457,0.0023441314697265625,0.0,-5320.621999999999
193,13:30:30,0.2,100,700,3,4,48,20,9,15,33,15,5,15,1548.970591744226,5720.25,0.018177032470703125,0.0028150081634521484,0.0,-4220.25
193,13:30:30,0.2,500,700,3,4,48,20,12,12,29,19,8,12,1780.516173049371,6822.531,0.017392873764038086,0.0032460689544677734,0.0,2677.469
193,13:30:30,0.2,1000,700,3,4,48,20,12,12,29,19,8,12,1780.516173049371,6822.531,0.01706409454345703,0.0029969215393066406,0.0,12177.469000000001
199,13:24:30,0.2,0,10,4,5,4,4,5,4,4,0,0,4,3690.0,10504.221000000001,0.0004131793975830078,0.0005970001220703125,0.0,-10504.221000000001
199,13:24:30,0.2,100,10,4,5,4,4,5,4,4,0,0,4,3690.0,10504.221000000001,0.00042510032653808594,0.000514984130859375,0.0,-10504.221000000001
199,13:24:30,0.2,500,10,4,5,4,4,6,3,3,1,1,3,5628.0,10775.178,0.00042319297790527344,0.00047898292541503906,0.0,-10275.178
199,13:24:30,0.2,1000,10,4,5,4,4,7,2,2,2,2,2,3690.0,11631.552,0.00043082237243652344,0.0009000301361083984,0.0,-9631.552
199,13:24:30,0.2,0,100,4,5,17,13,5,13,17,0,0,13,3690.0,10504.221000000001,0.0033910274505615234,0.001522064208984375,0.0,-10504.221000000001
199,13:24:30,0.2,100,100,4,5,17,13,12,6,9,8,7,6,3690.0,10924.643,0.00344085693359375,0.0014300346374511719,0.0,-10124.643
199,13:24:30,0.2,500,100,4,5,17,13,14,4,5,12,9,4,5628.0,12142.799,0.0034689903259277344,0.003023862838745117,0.0,-6142.799000000001
199,13:24:30,0.2,1000,100,4,5,17,13,17,1,2,15,12,1,5628.0,14649.781000000003,0.0033559799194335938,0.002635955810546875,0.0,350.2189999999973
199,13:24:30,0.2,0,500,4,5,30,21,5,21,30,0,0,21,3690.0,10504.221000000001,0.008753061294555664,0.0020210742950439453,0.0,-10504.221000000001
199,13:24:30,0.2,100,500,4,5,30,21,13,13,20,10,8,13,3690.0,10976.803,0.009140968322753906,0.0022449493408203125,0.0,-9976.803
199,13:24:30,0.2,500,500,4,5,30,21,17,9,14,16,12,9,3690.0,12675.448000000002,0.009011030197143555,0.0055501461029052734,0.0,-4675.448000000002
199,13:24:30,0.2,1000,500,4,5,30,21,20,6,10,20,15,6,4280.946708721065,15182.430000000002,0.03436994552612305,0.004742145538330078,0.0,4817.569999999998
199,13:24:30,0.2,0,700,4,5,30,21,5,21,30,0,0,21,3690.0,10504.221000000001,0.008079767227172852,0.001898050308227539,0.0,-10504.221000000001
199,13:24:30,0.2,100,700,4,5,30,21,13,13,20,10,8,13,3690.0,10976.803,0.008588075637817383,0.0019898414611816406,0.0,-9976.803
199,13:24:30,0.2,500,700,4,5,30,21,17,9,14,16,12,9,3690.0,12675.448000000002,0.008362054824829102,0.0040149688720703125,0.0,-4675.448000000002
199,13:24:30,0.2,1000,700,4,5,30,21,20,6,10,20,15,6,4280.946708721065,15182.430000000002,0.008367776870727539,0.00497889518737793,0.0,4817.569999999998
192,14:50:30,1,0,10,14,15,11,0,15,0,11,0,0,0,3521.0,7828.003,0.0008640289306640625,0.0003821849822998047,0.0,-7828.003
192,14:50:30,1,100,10,14,15,11,0,15,0,0,11,0,0,3521.0,7828.003,0.0008020401000976562,0.0005669593811035156,0.0,-6728.003
192,14:50:30,1,500,10,14,15,11,0,15,0,0,11,0,0,3521.0,7828.003,0.0007810592651367188,0.00031304359436035156,0.0,-2328.0029999999997
192,14:50:30,1,1000,10,14,15,11,0,15,0,0,11,0,0,3521.0,7828.003,0.0008311271667480469,0.00031185150146484375,0.0,3171.9970000000003
192,14:50:30,1,0,100,14,15,31,3,16,2,31,0,1,2,3521.0,7828.003,0.0020830631256103516,0.0005578994750976562,0.0,-7828.003
192,14:50:30,1,100,100,14,15,31,3,17,1,1,30,2,1,3406.0,7889.753,0.0022029876708984375,0.0007009506225585938,0.0,-4889.753
192,14:50:30,1,500,100,14,15,31,3,18,0,0,31,3,0,3406.0,8332.754,0.0021588802337646484,0.000720977783203125,0.0,7167.245999999999
192,14:50:30,1,1000,100,14,15,31,3,18,0,0,31,3,0,3406.0,8332.754,0.0022687911987304688,0.0006470680236816406,0.0,22667.246
192,14:50:30,1,0,500,14,15,53,11,16,10,53,0,1,10,3521.0,7828.003,0.004930019378662109,0.0009438991546630859,0.0,-7828.003
192,14:50:30,1,100,500,14,15,53,11,18,8,9,44,3,8,3406.0,7889.753,0.0050389766693115234,0.0010831356048583984,0.0,-3489.7529999999997
192,14:50:30,1,500,500,14,15,53,11,21,5,5,48,6,5,3406.0,9149.129999999997,0.004893779754638672,0.0013689994812011719,0.0,14850.870000000003
192,14:50:30,1,1000,500,14,15,53,11,23,3,3,50,8,3,3406.0,10356.211,0.005193948745727539,0.0016949176788330078,0.0,39643.789000000004
192,14:50:30,1,0,700,14,15,53,11,16,10,53,0,1,10,3521.0,7828.003,0.0051691532135009766,0.000988006591796875,0.0,-7828.003
192,14:50:30,1,100,700,14,15,53,11,18,8,9,44,3,8,3406.0,7889.753,0.005182981491088867,0.0010578632354736328,0.0,-3489.7529999999997
192,14:50:30,1,500,700,14,15,53,11,21,5,5,48,6,5,3406.0,9149.129999999997,0.0050258636474609375,0.0014619827270507812,0.0,14850.870000000003
192,14:50:30,1,1000,700,14,15,53,11,23,3,3,50,8,3,3406.0,10356.211,0.00585484504699707,0.0014510154724121094,0.0,39643.789000000004
187,16:47:00,0.4,0,10,12,13,2,2,13,2,2,0,0,2,4785.0,11535.249,0.0005979537963867188,0.0005819797515869141,0.0,-11535.249
187,16:47:00,0.4,100,10,12,13,2,2,14,1,1,1,1,1,4785.0,11535.249000000002,0.0005681514739990234,0.0005300045013427734,0.0,-11435.249000000002
187,16:47:00,0.4,500,10,12,13,2,2,14,1,1,1,1,1,4785.0,11535.249000000002,0.0006120204925537109,0.0005950927734375,0.0,-11035.249000000002
187,16:47:00,0.4,1000,10,12,13,2,2,15,0,0,2,2,0,5442.0,12292.935000000001,0.0006070137023925781,0.0006880760192871094,0.0,-10292.935000000001
187,16:47:00,0.4,0,100,12,13,13,7,15,5,13,0,2,5,5442.0,11535.249000000002,0.0016391277313232422,0.0008070468902587891,0.0,-11535.249000000002
187,16:47:00,0.4,100,100,12,13,13,7,16,4,6,7,3,4,4785.0,11535.249000000002,0.0016021728515625,0.0010540485382080078,0.0,-10835.249000000002
187,16:47:00,0.4,500,100,12,13,13,7,18,2,2,11,5,2,4785.0,12921.731000000002,0.0016231536865234375,0.0015568733215332031,0.0,-7421.731000000002
187,16:47:00,0.4,1000,100,12,13,13,7,18,2,2,11,5,2,4785.0,12960.712974012002,0.001664876937866211,0.0018610954284667969,0.0,-1960.7129740120017
187,16:47:00,0.4,0,500,12,13,43,21,16,18,43,0,3,18,4785.0,11535.249000000002,0.010371923446655273,0.002649068832397461,0.0,-11535.249000000002
187,16:47:00,0.4,100,500,12,13,43,21,19,15,20,23,6,15,4785.0,11609.385999999999,0.00933384895324707,0.002373933792114258,0.0,-9309.385999999999
187,16:47:00,0.4,500,500,12,13,43,21,25,9,10,33,12,9,4785.0,14233.285000000007,0.009824037551879883,0.010887861251831055,0.0,2266.715000000002
187,16:47:00,0.4,1000,500,12,13,43,21,28,6,6,37,15,6,4785.0,17568.203,0.009737968444824219,0.007756948471069336,0.0,19431.797
187,16:47:00,0.4,0,700,12,13,43,21,16,18,43,0,3,18,4785.0,11535.249000000002,0.009758949279785156,0.0023238658905029297,0.0,-11535.249000000002
187,16:47:00,0.4,100,700,12,13,43,21,19,15,20,23,6,15,4785.0,11609.385999999999,0.00927114486694336,0.002274036407470703,0.0,-9309.385999999999
187,16:47:00,0.4,500,700,12,13,43,21,25,9,10,33,12,9,4785.0,14233.285000000007,0.009145975112915039,0.010758161544799805,0.0,2266.715000000002
187,16:47:00,0.4,1000,700,12,13,43,21,28,6,6,37,15,6,4785.0,17568.203,0.00974583625793457,0.009078025817871094,0.0,19431.797
187,13:47:00,1,0,10,29,30,5,0,30,0,5,0,0,0,5546.0,12328.012,0.0015561580657958984,0.0004391670227050781,0.0,-12328.012
187,13:47:00,1,100,10,29,30,5,0,30,0,0,5,0,0,5546.0,12328.012,0.0016148090362548828,0.00042510032653808594,0.0,-11828.012
187,13:47:00,1,500,10,29,30,5,0,30,0,0,5,0,0,5546.0,12328.012,0.0012600421905517578,0.0003979206085205078,0.0,-9828.012
187,13:47:00,1,1000,10,29,30,5,0,30,0,0,5,0,0,5546.0,12328.012,0.0015900135040283203,0.0005049705505371094,0.0,-7328.012000000001
187,13:47:00,1,0,100,29,30,14,2,30,2,14,0,0,2,5546.0,12328.012,0.002468109130859375,0.0005249977111816406,0.0,-12328.012
187,13:47:00,1,100,100,29,30,14,2,31,1,1,13,1,1,5546.0,12328.012,0.002215862274169922,0.0006320476531982422,0.0,-11028.012
187,13:47:00,1,500,100,29,30,14,2,32,0,0,14,2,0,5367.0,12695.605,0.002747774124145508,0.0007119178771972656,0.0,-5695.605
187,13:47:00,1,1000,100,29,30,14,2,32,0,0,14,2,0,5367.0,12695.605,0.0021660327911376953,0.0006589889526367188,0.0,1304.3950000000004
187,13:47:00,1,0,500,29,30,38,12,33,9,38,0,3,9,5367.0,12328.012,0.0057637691497802734,0.0016021728515625,0.0,-12328.012
187,13:47:00,1,100,500,29,30,38,12,34,8,9,29,4,8,5367.0,12567.808,0.0063359737396240234,0.0016429424285888672,0.0,-9667.808
187,13:47:00,1,500,500,29,30,38,12,38,4,4,34,8,4,5367.0,13772.442999999996,0.005460023880004883,0.0016579627990722656,0.0,3227.5570000000043
187,13:47:00,1,1000,500,29,30,38,12,39,3,3,35,9,3,5367.0,14648.649999999998,0.005631923675537109,0.0025649070739746094,0.0,20351.350000000002
187,13:47:00,1,0,700,29,30,38,12,33,9,38,0,3,9,5367.0,12328.012,0.0054128170013427734,0.0014948844909667969,0.0,-12328.012
187,13:47:00,1,100,700,29,30,38,12,34,8,9,29,4,8,5367.0,12567.808,0.005393266677856445,0.0015621185302734375,0.0,-9667.808
187,13:47:00,1,500,700,29,30,38,12,38,4,4,34,8,4,5367.0,13772.442999999996,0.0054399967193603516,0.0015039443969726562,0.0,3227.5570000000043
187,13:47:00,1,1000,700,29,30,38,12,39,3,3,35,9,3,5367.0,14648.649999999998,0.005645751953125,0.002666950225830078,0.0,20351.350000000002
185,07:21:00,0.2,0,10,5,6,20,13,8,11,20,0,2,11,3725.0,10240.364,0.003451108932495117,0.0011031627655029297,0.0,-10240.364
185,07:21:00,0.2,100,10,5,6,20,13,12,7,7,13,6,7,3725.0,10364.151,0.0033960342407226562,0.0010390281677246094,0.0,-9064.151
185,07:21:00,0.2,500,10,5,6,20,13,16,3,3,17,10,3,3725.0,11440.951000000003,0.003536224365234375,0.0011768341064453125,0.0,-2940.9510000000028
185,07:21:00,0.2,1000,10,5,6,20,13,17,2,2,18,11,2,5359.0,12369.862000000003,0.003573179244995117,0.0029540061950683594,0.0,5630.137999999997
185,07:21:00,0.2,0,100,5,6,40,23,12,17,40,0,6,17,3725.0,10240.364000000001,0.011946916580200195,0.0024080276489257812,0.0,-10240.364000000001
185,07:21:00,0.2,100,100,5,6,40,23,18,11,13,27,12,11,3725.0,10379.985,0.011878728866577148,0.002324819564819336,0.0,-7679.985000000001
185,07:21:00,0.2,500,100,5,6,40,23,26,3,3,37,20,3,3725.0,12920.949000000002,0.012493610382080078,0.0023949146270751953,0.0,5579.050999999998
185,07:21:00,0.2,1000,100,5,6,40,23,27,2,2,38,21,2,3725.0,13547.886999999982,0.013773202896118164,0.005116939544677734,0.0,24452.11300000002
185,07:21:00,0.2,0,500,5,6,89,39,11,34,89,0,5,34,3725.0,10240.364000000001,0.054778099060058594,0.0037360191345214844,0.0,-10240.364000000001
185,07:21:00,0.2,100,500,5,6,89,39,21,24,37,52,15,24,3725.0,10843.466000000002,0.05699896812438965,0.0040318965911865234,0.0,-5643.466000000002
185,07:21:00,0.2,500,500,5,6,89,39,37,8,9,80,31,8,4690.5429342639,17927.238000000005,0.054695844650268555,0.06063580513000488,0.0,22072.761999999995
185,07:21:00,0.2,1000,500,5,6,89,39,39,6,7,82,33,6,4985.909873836536,19104.867000000002,0.05535697937011719,0.06269097328186035,0.0,62895.133
185,07:21:00,0.2,0,700,5,6,89,39,11,34,89,0,5,34,3725.0,10240.364000000001,0.055435895919799805,0.0037500858306884766,0.0,-10240.364000000001
185,07:21:00,0.2,100,700,5,6,89,39,21,24,37,52,15,24,3725.0,10843.466000000002,0.05678415298461914,0.004129886627197266,0.0,-5643.466000000002
185,07:21:00,0.2,500,700,5,6,89,39,37,8,9,80,31,8,4690.5429342639,17927.238000000005,0.05482006072998047,0.060224056243896484,0.0,22072.761999999995
185,07:21:00,0.2,1000,700,5,6,89,39,39,6,7,82,33,6,4985.909873836536,19104.867000000002,0.055863142013549805,0.06256890296936035,0.0,62895.133
191,13:41:30,0.4,0,10,6,7,5,2,7,2,5,0,0,2,2533.0,5095.779684128705,0.00042891502380371094,0.00046896934509277344,0.0,-5095.779684128705
191,13:41:30,0.4,100,10,6,7,5,2,7,2,4,1,0,2,2533.0,5095.779684128705,0.00043702125549316406,0.00043582916259765625,0.0,-4995.779684128705
191,13:41:30,0.4,500,10,6,7,5,2,7,2,4,1,0,2,2533.0,5095.779684128705,0.0004038810729980469,0.0003139972686767578,0.0,-4595.779684128705
191,13:41:30,0.4,1000,10,6,7,5,2,7,2,4,1,0,2,2533.0,5095.779684128705,0.0004048347473144531,0.0003027915954589844,0.0,-4095.7796841287054
191,13:41:30,0.4,0,100,6,7,11,4,7,4,11,0,0,4,1983.0,5095.779684128705,0.000827789306640625,0.0006401538848876953,0.0,-5095.779684128705
191,13:41:30,0.4,100,100,6,7,11,4,7,4,8,3,0,4,1983.0,5095.779684128705,0.0008199214935302734,0.000553131103515625,0.0,-4795.779684128705
191,13:41:30,0.4,500,100,6,7,11,4,8,3,7,4,1,3,2533.0,6791.387684128705,0.0007948875427246094,0.0006830692291259766,0.0,-4791.387684128705
191,13:41:30,0.4,1000,100,6,7,11,4,8,3,6,5,1,3,2052.315997077072,7448.933684128705,0.0007741451263427734,0.000720977783203125,0.0,-2448.933684128705
191,13:41:30,0.4,0,500,6,7,23,8,7,8,23,0,0,8,1983.0,5095.779684128705,0.0024483203887939453,0.0011470317840576172,0.0,-5095.779684128705
191,13:41:30,0.4,100,500,6,7,23,8,7,8,18,5,0,8,1983.0,5095.779684128705,0.0022439956665039062,0.0012331008911132812,0.0,-4595.779684128705
191,13:41:30,0.4,500,500,6,7,23,8,8,7,14,9,1,7,2048.916234192271,7448.933684128705,0.0024247169494628906,0.009419918060302734,0.0,-2948.933684128705
191,13:41:30,0.4,1000,500,6,7,23,8,8,7,14,9,1,7,2048.916234192271,7448.933684128705,0.0024001598358154297,0.019793033599853516,0.0,1551.066315871295
191,13:41:30,0.4,0,700,6,7,23,8,7,8,23,0,0,8,1983.0,5095.779684128705,0.002257823944091797,0.0010790824890136719,0.0,-5095.779684128705
191,13:41:30,0.4,100,700,6,7,23,8,7,8,18,5,0,8,1983.0,5095.779684128705,0.002234220504760742,0.000988006591796875,0.0,-4595.779684128705
191,13:41:30,0.4,500,700,6,7,23,8,8,7,14,9,1,7,2048.916234192271,7448.933684128705,0.002259969711303711,0.008855104446411133,0.0,-2948.933684128705
191,13:41:30,0.4,1000,700,6,7,23,8,8,7,14,9,1,7,2048.916234192271,7448.933684128705,0.002315998077392578,0.011337995529174805,0.0,1551.066315871295
187,13:47:00,0,0,10,1,2,4,5,2,5,4,0,0,5,3369.0,5380.339000000001,0.0006229877471923828,0.0008640289306640625,0.0,-5380.339000000001
187,13:47:00,0,100,10,1,2,4,5,5,2,1,3,3,2,1404.1388168098347,5380.338999999999,0.0006000995635986328,0.0009100437164306641,0.0,-5080.338999999999
187,13:47:00,0,500,10,1,2,4,5,5,2,1,3,3,2,1404.1388168098347,5380.338999999999,0.0006148815155029297,0.0008618831634521484,0.0,-3880.338999999999
187,13:47:00,0,1000,10,1,2,4,5,5,2,1,3,3,2,1404.1388168098347,5380.338999999999,0.0005900859832763672,0.0008800029754638672,0.0,-2380.338999999999
187,13:47:00,0,0,100,1,2,7,8,2,8,7,0,0,8,3369.0,5380.339000000001,0.0014121532440185547,0.0009100437164306641,0.0,-5380.339000000001
187,13:47:00,0,100,100,1,2,7,8,7,3,3,4,5,3,1404.1388168098274,5380.338999999999,0.0013971328735351562,0.0010039806365966797,0.0,-4980.338999999999
187,13:47:00,0,500,100,1,2,7,8,7,3,3,4,5,3,1404.1388168098274,5380.338999999999,0.0013699531555175781,0.0009799003601074219,0.0,-3380.338999999999
187,13:47:00,0,1000,100,1,2,7,8,6,4,3,4,4,4,1404.1388168098274,5380.338999999999,0.0013628005981445312,0.0009479522705078125,0.0,-1380.338999999999
187,13:47:00,0,0,500,1,2,38,30,2,30,38,0,0,30,3369.0,5380.339000000001,0.05642580986022949,0.005429983139038086,0.0,-5380.339000000001
187,13:47:00,0,100,500,1,2,38,30,13,19,23,15,11,19,1404.1388168098274,5380.338999999999,0.053540945053100586,0.005558967590332031,0.0,-3880.338999999999
187,13:47:00,0,500,500,1,2,38,30,28,4,5,33,26,4,3369.0,12508.975999999997,0.05394792556762695,0.08024382591247559,0.0,3991.024000000003
187,13:47:00,0,1000,500,1,2,38,30,28,4,5,33,26,4,3369.0,12508.975999999997,0.053479909896850586,0.11439085006713867,0.0,20491.024000000005
187,13:47:00,0,0,700,1,2,38,30,2,30,38,0,0,30,3369.0,5380.339000000001,0.053732872009277344,0.005075931549072266,0.0,-5380.339000000001
187,13:47:00,0,100,700,1,2,38,30,13,19,23,15,11,19,1404.1388168098274,5380.338999999999,0.05604720115661621,0.005999088287353516,0.0,-3880.338999999999
187,13:47:00,0,500,700,1,2,38,30,28,4,5,33,26,4,3369.0,12508.975999999997,0.05360102653503418,0.07715201377868652,0.0,3991.024000000003
187,13:47:00,0,1000,700,1,2,38,30,28,4,5,33,26,4,3369.0,12508.975999999997,0.054315805435180664,0.1141672134399414,0.0,20491.024000000005
191,07:22:00,0.4,0,10,5,6,8,3,7,2,8,0,1,2,1939.0,5062.630734896091,0.0005910396575927734,0.0007510185241699219,0.0,-5062.630734896091
191,07:22:00,0.4,100,10,5,6,8,3,8,1,2,6,2,1,2549.0,5080.948734896091,0.0005769729614257812,0.000637054443359375,0.0,-4480.948734896091
191,07:22:00,0.4,500,10,5,6,8,3,9,0,0,8,3,0,2549.0,5613.218734896091,0.0005328655242919922,0.0006339550018310547,0.0,-1613.2187348960906
191,07:22:00,0.4,1000,10,5,6,8,3,9,0,0,8,3,0,2549.0,5613.218734896091,0.0005178451538085938,0.0004642009735107422,0.0,2386.7812651039094
191,07:22:00,0.4,0,100,5,6,15,6,6,6,15,0,0,6,1939.0,5062.630734896091,0.0010700225830078125,0.0006690025329589844,0.0,-5062.630734896091
191,07:22:00,0.4,100,100,5,6,15,6,10,2,4,11,4,2,1939.0,5099.736734896092,0.0011138916015625,0.0006258487701416016,0.0,-3999.7367348960915
191,07:22:00,0.4,500,100,5,6,15,6,11,1,1,14,5,1,1939.0,5632.006734896091,0.0010900497436523438,0.0006380081176757812,0.0,1367.993265103909
191,07:22:00,0.4,1000,100,5,6,15,6,12,0,0,15,6,0,1939.0,6193.904734896091,0.001177072525024414,0.0010960102081298828,0.0,8806.095265103908
191,07:22:00,0.4,0,500,5,6,31,12,8,10,31,0,2,10,1939.0,5062.630734896091,0.0038299560546875,0.0015189647674560547,0.0,-5062.630734896091
191,07:22:00,0.4,100,500,5,6,31,12,12,6,10,21,6,6,1939.0,5177.113734896091,0.0037622451782226562,0.0015609264373779297,0.0,-3077.113734896091
191,07:22:00,0.4,500,500,5,6,31,12,15,3,4,27,9,3,2129.5873801103808,7175.253734896091,0.0037958621978759766,0.0016260147094726562,0.0,6324.746265103909
191,07:22:00,0.4,1000,500,5,6,31,12,17,1,1,30,11,1,2406.1378006544037,8796.82973489609,0.003721952438354492,0.0015408992767333984,0.0,21203.17026510391
191,07:22:00,0.4,0,700,5,6,31,12,8,10,31,0,2,10,1939.0,5062.630734896091,0.0036013126373291016,0.0014369487762451172,0.0,-5062.630734896091
191,07:22:00,0.4,100,700,5,6,31,12,12,6,10,21,6,6,1939.0,5177.113734896091,0.003618955612182617,0.0014951229095458984,0.0,-3077.113734896091
191,07:22:00,0.4,500,700,5,6,31,12,15,3,4,27,9,3,2129.5873801103808,7175.253734896091,0.0035707950592041016,0.0013370513916015625,0.0,6324.746265103909
191,07:22:00,0.4,1000,700,5,6,31,12,17,1,1,30,11,1,2406.1378006544037,8796.82973489609,0.0037097930908203125,0.00146484375,0.0,21203.17026510391
199,16:04:00,0.2,0,10,4,5,0,0,5,0,0,0,0,0,3075.0,9214.038,0.00022912025451660156,0.00047397613525390625,0.0,-9214.038
199,16:04:00,0.2,100,10,4,5,0,0,5,0,0,0,0,0,3075.0,9214.038,0.0002357959747314453,0.0004978179931640625,0.0,-9214.038
199,16:04:00,0.2,500,10,4,5,0,0,5,0,0,0,0,0,3075.0,9214.038,0.00018668174743652344,0.00037407875061035156,0.0,-9214.038
199,16:04:00,0.2,1000,10,4,5,0,0,5,0,0,0,0,0,3075.0,9214.038,0.0001659393310546875,0.00037598609924316406,0.0,-9214.038
199,16:04:00,0.2,0,100,4,5,7,5,6,4,7,0,1,4,5097.0,9214.038,0.0005550384521484375,0.0004971027374267578,0.0,-9214.038
199,16:04:00,0.2,100,100,4,5,7,5,6,4,7,0,1,4,5097.0,9214.038,0.0005519390106201172,0.00045990943908691406,0.0,-9214.038
199,16:04:00,0.2,500,100,4,5,7,5,7,3,4,3,2,3,3075.0,9545.682,0.000576019287109375,0.0005040168762207031,0.0,-8045.682000000001
199,16:04:00,0.2,1000,100,4,5,7,5,7,3,4,3,2,3,3075.0,9545.682,0.0005500316619873047,0.0004918575286865234,0.0,-6545.682000000001
199,16:04:00,0.2,0,500,4,5,27,20,5,20,27,0,0,20,3075.0,9214.038,0.007460117340087891,0.002006053924560547,0.0,-9214.038
199,16:04:00,0.2,100,500,4,5,27,20,11,14,21,6,6,14,3075.0,9545.682,0.007893085479736328,0.002421855926513672,0.0,-8945.682
199,16:04:00,0.2,500,500,4,5,27,20,15,10,14,13,10,10,3657.1754354569202,11704.804,0.007917165756225586,0.0055921077728271484,0.0,-5204.804
199,16:04:00,0.2,1000,500,4,5,27,20,18,7,13,14,13,7,3435.518551658308,12522.215999999999,0.0076448917388916016,0.015379190444946289,0.0,1477.7840000000015
199,16:04:00,0.2,0,700,4,5,43,21,5,21,43,0,0,21,3075.0,9214.038,0.011641263961791992,0.002429962158203125,0.0,-9214.038
199,16:04:00,0.2,100,700,4,5,43,21,10,16,37,6,5,16,5097.0,9545.682,0.012091875076293945,0.008360862731933594,0.0,-8945.682
199,16:04:00,0.2,500,700,4,5,43,21,15,11,30,13,10,11,5097.0,11704.804,0.01269388198852539,0.014580965042114258,0.0,-5204.804
199,16:04:00,0.2,1000,700,4,5,43,21,17,9,29,14,12,9,3435.518551658308,12522.215999999999,0.011750936508178711,0.012011051177978516,0.0,1477.7840000000015
195,13:21:00,0.4,0,10,9,10,8,6,11,5,8,0,1,5,3503.0,7503.721999999999,0.0008661746978759766,0.000782012939453125,0.0,-7503.721999999999
195,13:21:00,0.4,100,10,9,10,8,6,11,5,4,4,1,5,3503.0,7503.721999999999,0.0008618831634521484,0.0007660388946533203,0.0,-7103.721999999999
195,13:21:00,0.4,500,10,9,10,8,6,14,2,2,6,4,2,3144.0,8349.43,0.0009891986846923828,0.0009579658508300781,0.0,-5349.43
195,13:21:00,0.4,1000,10,9,10,8,6,16,0,0,8,6,0,3144.0,9493.405,0.0008900165557861328,0.0008521080017089844,0.0,-1493.4050000000007
195,13:21:00,0.4,0,100,9,10,16,13,11,12,16,0,1,12,3144.0,7503.721999999999,0.0034821033477783203,0.0012860298156738281,0.0,-7503.721999999999
195,13:21:00,0.4,100,100,9,10,16,13,12,11,10,6,2,11,3144.0,7503.721999999999,0.002628803253173828,0.0010950565338134766,0.0,-6903.721999999999
195,13:21:00,0.4,500,100,9,10,16,13,21,2,3,13,11,2,3144.0,10195.91,0.0024530887603759766,0.0030400753021240234,0.0,-3695.91
195,13:21:00,0.4,1000,100,9,10,16,13,23,0,0,16,13,0,3350.9693614292555,12005.726999999997,0.0024900436401367188,0.0010199546813964844,0.0,3994.273000000003
195,13:21:00,0.4,0,500,9,10,40,25,12,23,40,0,2,23,3144.0,7503.722000000001,0.013677120208740234,0.0028181076049804688,0.0,-7503.722000000001
195,13:21:00,0.4,100,500,9,10,40,25,15,20,26,14,5,20,3144.0,7819.829999999999,0.0135040283203125,0.0039119720458984375,0.0,-6419.829999999999
195,13:21:00,0.4,500,500,9,10,40,25,27,8,7,33,17,8,3350.9693614292555,12269.109999999999,0.01349186897277832,0.014672994613647461,0.0,4230.890000000001
195,13:21:00,0.4,1000,500,9,10,40,25,28,7,6,34,18,7,3454.107768134105,12934.312999999998,0.013342142105102539,0.024394989013671875,0.0,21065.687
195,13:21:00,0.4,0,700,9,10,40,25,12,23,40,0,2,23,3144.0,7503.722000000001,0.013813972473144531,0.0031280517578125,0.0,-7503.722000000001
195,13:21:00,0.4,100,700,9,10,40,25,15,20,26,14,5,20,3144.0,7819.829999999999,0.013347864151000977,0.003582000732421875,0.0,-6419.829999999999
195,13:21:00,0.4,500,700,9,10,40,25,27,8,7,33,17,8,3350.9693614292555,12269.109999999999,0.013483047485351562,0.016319990158081055,0.0,4230.890000000001
195,13:21:00,0.4,1000,700,9,10,40,25,28,7,6,34,18,7,3454.107768134105,12934.312999999998,0.014984130859375,0.02524590492248535,0.0,21065.687
194,07:10:00,0.4,0,10,9,10,5,6,10,6,5,0,0,6,4287.0,8138.182999999999,0.0008590221405029297,0.0007970333099365234,0.0,-8138.182999999999
194,07:10:00,0.4,100,10,9,10,5,6,11,5,4,1,1,5,4287.0,8138.182999999999,0.0008382797241210938,0.0006968975067138672,0.0,-8038.182999999999
194,07:10:00,0.4,500,10,9,10,5,6,12,4,3,2,2,4,2924.0,8299.666999999998,0.0008568763732910156,0.0007100105285644531,0.0,-7299.666999999998
194,07:10:00,0.4,1000,10,9,10,5,6,13,3,2,3,3,3,2941.8054461942265,8902.798999999999,0.0009799003601074219,0.0009751319885253906,0.0,-5902.798999999999
194,07:10:00,0.4,0,100,9,10,31,12,10,12,31,0,0,12,2924.0,8138.182999999999,0.005557060241699219,0.0017600059509277344,0.0,-8138.182999999999
194,07:10:00,0.4,100,100,9,10,31,12,14,8,10,21,4,8,2924.0,8299.667,0.006371974945068359,0.0017399787902832031,0.0,-6199.6669999999995
194,07:10:00,0.4,500,100,9,10,31,12,15,7,9,22,5,7,4287.0,8727.020999999999,0.0055370330810546875,0.022275924682617188,0.0,2272.979000000001
194,07:10:00,0.4,1000,100,9,10,31,12,16,6,8,23,6,6,3334.334541278935,9330.152999999998,0.005345582962036133,0.024613142013549805,0.0,13669.847000000002
194,07:10:00,0.4,0,500,9,10,51,19,12,17,51,0,2,17,4287.0,8138.182999999999,0.014687061309814453,0.0026810169219970703,0.0,-8138.182999999999
194,07:10:00,0.4,100,500,9,10,51,19,17,12,23,28,7,12,2924.0,8299.667,0.014625072479248047,0.0025060176849365234,0.0,-5499.6669999999995
194,07:10:00,0.4,500,500,9,10,51,19,19,10,20,31,9,10,3191.000835122886,8968.265999999998,0.01427006721496582,0.09818696975708008,0.0,6531.734000000002
194,07:10:00,0.4,1000,500,9,10,51,19,19,10,19,32,9,10,3334.3345412789313,9517.487999999998,0.014724016189575195,0.08159589767456055,0.0,22482.512000000002
194,07:10:00,0.4,0,700,9,10,51,19,12,17,51,0,2,17,4287.0,8138.182999999999,0.014253854751586914,0.0022749900817871094,0.0,-8138.182999999999
194,07:10:00,0.4,100,700,9,10,51,19,17,12,23,28,7,12,2924.0,8299.667,0.014844179153442383,0.002521038055419922,0.0,-5499.6669999999995
194,07:10:00,0.4,500,700,9,10,51,19,19,10,20,31,9,10,3191.000835122886,8968.265999999998,0.014992952346801758,0.10006284713745117,0.0,6531.734000000002
194,07:10:00,0.4,1000,700,9,10,51,19,19,10,19,32,9,10,3334.3345412789313,9517.487999999998,0.014716148376464844,0.08367085456848145,0.0,22482.512000000002
192,14:50:30,0,0,10,1,2,5,5,2,5,5,0,0,5,2507.0,4002.706,0.0006268024444580078,0.0005390644073486328,0.0,-4002.706
192,14:50:30,0,100,10,1,2,5,5,4,3,3,2,2,3,1059.7604986876686,4060.76,0.0006151199340820312,0.0006029605865478516,0.0,-3860.76
192,14:50:30,0,500,10,1,2,5,5,3,4,4,1,1,4,2507.0,4011.455,0.0005898475646972656,0.0030260086059570312,0.0,-3511.455
192,14:50:30,0,1000,10,1,2,5,5,7,0,0,5,5,0,1734.7237756502,6647.065,0.0005950927734375,0.003268003463745117,0.0,-1647.0649999999996
192,14:50:30,0,0,100,1,2,26,14,2,14,26,0,0,14,2507.0,4002.706,0.009796857833862305,0.002023935317993164,0.0,-4002.706
192,14:50:30,0,100,100,1,2,26,14,5,11,21,5,3,11,2507.0,4122.51,0.009961843490600586,0.006657838821411133,0.0,-3622.51
192,14:50:30,0,500,100,1,2,26,14,16,0,0,26,14,0,2140.7448625029865,8202.845000000001,0.009727954864501953,0.0023801326751708984,0.0,4797.154999999999
192,14:50:30,0,1000,100,1,2,26,14,16,0,0,26,14,0,2140.7448625029865,8202.845000000001,0.010182857513427734,0.002079010009765625,0.0,17797.155
192,14:50:30,0,0,500,1,2,53,24,2,24,53,0,0,24,2507.0,4002.706,0.04739093780517578,0.004024982452392578,0.0,-4002.706
192,14:50:30,0,100,500,1,2,53,24,16,10,10,43,14,10,2507.0,7612.357,0.049065351486206055,0.0309450626373291,0.0,-3312.357
192,14:50:30,0,500,500,1,2,53,24,21,5,4,49,19,5,2507.0,9099.894000000002,0.04728412628173828,0.016231060028076172,0.0,15400.105999999998
192,14:50:30,0,1000,500,1,2,53,24,23,3,3,50,21,3,2507.0,9600.11,0.04837608337402344,0.0160830020904541,0.0,40399.89
192,14:50:30,0,0,700,1,2,53,24,2,24,53,0,0,24,2507.0,4002.706,0.0479278564453125,0.004352092742919922,0.0,-4002.706
192,14:50:30,0,100,700,1,2,53,24,16,10,10,43,14,10,2507.0,7612.357,0.049549102783203125,0.03045487403869629,0.0,-3312.357
192,14:50:30,0,500,700,1,2,53,24,21,5,4,49,19,5,2507.0,9099.894000000002,0.04713010787963867,0.01596808433532715,0.0,15400.105999999998
192,14:50:30,0,1000,700,1,2,53,24,23,3,3,50,21,3,2507.0,9600.11,0.04944491386413574,0.016522884368896484,0.0,40399.89
185,07:21:00,0,0,10,1,2,10,11,2,11,10,0,0,11,6359.0,10153.559999999996,0.0038340091705322266,0.001313924789428711,0.0,-10153.559999999996
185,07:21:00,0,100,10,1,2,10,11,8,5,5,5,6,5,2682.1398905392525,10277.347,0.002971172332763672,0.0013451576232910156,0.0,-9777.347
185,07:21:00,0,500,10,1,2,10,11,12,1,1,9,10,1,2969.6982745764726,11379.205,0.003144979476928711,0.0013289451599121094,0.0,-6879.205
185,07:21:00,0,1000,10,1,2,10,11,13,0,0,10,11,0,3146.663423109043,12057.295,0.003142833709716797,0.0014569759368896484,0.0,-2057.295
185,07:21:00,0,0,100,1,2,39,27,2,27,39,0,0,27,6359.0,10153.559999999996,0.04477691650390625,0.004727840423583984,0.0,-10153.559999999996
185,07:21:00,0,100,100,1,2,39,27,15,14,14,25,13,14,2708.9259350393695,10379.985,0.0458521842956543,0.005177021026611328,0.0,-7879.985000000001
185,07:21:00,0,500,100,1,2,39,27,27,2,2,37,25,2,3473.2092579336677,13308.543999999998,0.045356035232543945,0.009833097457885742,0.0,5191.456
185,07:21:00,0,1000,100,1,2,39,27,29,0,0,39,27,0,3763.525113338106,14420.968,0.04590106010437012,0.006190776824951172,0.0,24579.032
185,07:21:00,0,0,500,1,2,89,45,2,45,89,0,0,45,6359.0,10153.559999999996,0.26921796798706055,0.011546850204467773,0.0,-10153.559999999996
185,07:21:00,0,100,500,1,2,89,45,25,22,32,57,23,22,2938.873106060608,11261.09,0.2832987308502197,0.012428998947143555,0.0,-5561.09
185,07:21:00,0,500,500,1,2,89,45,42,5,6,83,40,5,4364.711286089241,16724.576,0.2661759853363037,0.025426864624023438,0.0,24775.424
185,07:21:00,0,1000,500,1,2,89,45,46,1,2,87,44,1,4967.457572774994,19034.162000000004,0.26525402069091797,0.021783113479614258,0.0,67965.83799999999
185,07:21:00,0,0,700,1,2,89,45,2,45,89,0,0,45,6359.0,10153.559999999996,0.26689982414245605,0.011605024337768555,0.0,-10153.559999999996
185,07:21:00,0,100,700,1,2,89,45,25,22,32,57,23,22,2938.873106060608,11261.09,0.2648658752441406,0.012392997741699219,0.0,-5561.09
185,07:21:00,0,500,700,1,2,89,45,42,5,6,83,40,5,4364.711286089241,16724.576,0.26454710960388184,0.02570509910583496,0.0,24775.424
185,07:21:00,0,1000,700,1,2,89,45,46,1,2,87,44,1,4967.457572774994,19034.162000000004,0.26697707176208496,0.02057194709777832,0.0,67965.83799999999
196,09:57:30,0,0,10,1,2,1,1,2,1,1,0,0,1,364.61334556192014,1397.115,0.00014901161193847656,0.00031685829162597656,0.0,-1397.115
196,09:57:30,0,100,10,1,2,1,1,2,1,1,0,0,1,364.61334556192014,1397.115,0.0001289844512939453,0.0002758502960205078,0.0,-1397.115
196,09:57:30,0,500,10,1,2,1,1,2,1,1,0,0,1,364.61334556192014,1397.115,0.00014710426330566406,0.0002598762512207031,0.0,-1397.115
196,09:57:30,0,1000,10,1,2,1,1,2,1,1,0,0,1,364.61334556192014,1397.115,0.000125885009765625,0.00026798248291015625,0.0,-1397.115
196,09:57:30,0,0,100,1,2,5,5,2,5,5,0,0,5,875.0,1397.115,0.0006840229034423828,0.0006709098815917969,0.0,-1397.115
196,09:57:30,0,100,100,1,2,5,5,2,5,5,0,0,5,875.0,1397.115,0.0005660057067871094,0.0006351470947265625,0.0,-1397.115
196,09:57:30,0,500,100,1,2,5,5,2,5,5,0,0,5,875.0,1397.115,0.0005688667297363281,0.0006749629974365234,0.0,-1397.115
196,09:57:30,0,1000,100,1,2,5,5,2,5,5,0,0,5,875.0,1397.115,0.0005619525909423828,0.0007109642028808594,0.0,-1397.115
196,09:57:30,0,0,500,1,2,15,10,2,10,15,0,0,10,875.0,1397.115,0.003343820571899414,0.001692056655883789,0.0,-1397.115
196,09:57:30,0,100,500,1,2,15,10,2,10,15,0,0,10,875.0,1397.115,0.003422975540161133,0.001631021499633789,0.0,-1397.115
196,09:57:30,0,500,500,1,2,15,10,2,10,15,0,0,10,875.0,1397.115,0.0040340423583984375,0.0029630661010742188,0.0,-1397.115
196,09:57:30,0,1000,500,1,2,15,10,4,8,13,2,2,8,875.0,2883.167,0.003392934799194336,0.004302978515625,0.0,-883.1669999999999
196,09:57:30,0,0,700,1,2,15,10,2,10,15,0,0,10,875.0,1397.115,0.003621816635131836,0.0017058849334716797,0.0,-1397.115
196,09:57:30,0,100,700,1,2,15,10,2,10,15,0,0,10,875.0,1397.115,0.003550291061401367,0.0017638206481933594,0.0,-1397.115
196,09:57:30,0,500,700,1,2,15,10,2,10,15,0,0,10,875.0,1397.115,0.0035500526428222656,0.003480195999145508,0.0,-1397.115
196,09:57:30,0,1000,700,1,2,15,10,4,8,13,2,2,8,875.0,2883.167,0.0034890174865722656,0.003901958465576172,0.0,-883.1669999999999
193,13:30:30,0,0,10,1,2,6,7,2,7,6,0,0,7,3146.0,5023.307000000001,0.0026502609252929688,0.0008018016815185547,0.0,-5023.307000000001
193,13:30:30,0,100,10,1,2,6,7,5,4,4,2,3,4,1331.0947939036123,5100.450999999999,0.0010402202606201172,0.0007510185241699219,0.0,-4900.450999999999
193,13:30:30,0,500,10,1,2,6,7,8,1,1,5,6,1,1573.9587061560596,6031.049999999999,0.0010302066802978516,0.0007240772247314453,0.0,-3531.0499999999993
193,13:30:30,0,1000,10,1,2,6,7,9,0,0,6,7,0,1711.0968444285463,6556.531999999999,0.001055002212524414,0.0007159709930419922,0.0,-556.5319999999992
193,13:30:30,0,0,100,1,2,24,14,2,14,24,0,0,14,3146.0,5023.307000000001,0.008856058120727539,0.00167083740234375,0.0,-5023.307000000001
193,13:30:30,0,100,100,1,2,24,14,11,5,11,13,9,5,1424.7754861608264,5459.414000000001,0.008925914764404297,0.0020418167114257812,0.0,-4159.414000000001
193,13:30:30,0,500,100,1,2,24,14,16,0,0,24,14,0,1892.080238904804,7250.019,0.00931692123413086,0.001920938491821289,0.0,4749.981
193,13:30:30,0,1000,100,1,2,24,14,16,0,0,24,14,0,1892.0802389047967,7250.019,0.009048700332641602,0.0020599365234375,0.0,16749.981
193,13:30:30,0,0,500,1,2,48,21,2,21,48,0,0,21,3146.0,5023.307000000001,0.03474903106689453,0.003690004348754883,0.0,-5023.307000000001
193,13:30:30,0,100,500,1,2,48,21,15,8,13,35,13,8,1702.007836733479,6521.705,0.03345465660095215,0.003574848175048828,0.0,-3021.705
193,13:30:30,0,500,500,1,2,48,21,21,2,2,46,19,2,2278.191996241949,8729.511000000002,0.03475809097290039,0.004200935363769531,0.0,14270.488999999998
193,13:30:30,0,1000,500,1,2,48,21,22,1,1,47,20,1,2420.812716237182,9276.000999999998,0.034535884857177734,0.004040956497192383,0.0,37723.999
193,13:30:30,0,0,700,1,2,48,21,2,21,48,0,0,21,3146.0,5023.307000000001,0.034027099609375,0.003303050994873047,0.0,-5023.307000000001
193,13:30:30,0,100,700,1,2,48,21,15,8,13,35,13,8,1702.007836733479,6521.705,0.03464818000793457,0.0038650035858154297,0.0,-3021.705
193,13:30:30,0,500,700,1,2,48,21,21,2,2,46,19,2,2278.191996241949,8729.511000000002,0.034754037857055664,0.003993034362792969,0.0,14270.488999999998
193,13:30:30,0,1000,700,1,2,48,21,22,1,1,47,20,1,2420.812716237182,9276.000999999998,0.03457283973693848,0.0038950443267822266,0.0,37723.999
185,07:21:00,0.4,0,10,11,12,26,13,12,13,26,0,0,13,4084.0,10534.188,0.0042378902435302734,0.0037508010864257812,0.0,-10534.188
185,07:21:00,0.4,100,10,11,12,26,13,12,13,24,2,0,13,4084.0,10534.188,0.004088878631591797,0.004589080810546875,0.0,-10334.188
185,07:21:00,0.4,500,10,11,12,26,13,20,5,14,12,8,5,4224.731657122404,13701.460000000001,0.003945827484130859,0.009380102157592773,0.0,-7701.460000000001
185,07:21:00,0.4,1000,10,11,12,26,13,20,5,14,12,8,5,4224.731657122382,13701.460000000001,0.003927946090698242,0.0073010921478271484,0.0,-1701.460000000001
185,07:21:00,0.4,0,100,11,12,42,19,13,18,42,0,1,18,4084.0,10534.188,0.008099079132080078,0.0026090145111083984,0.0,-10534.188
185,07:21:00,0.4,100,100,11,12,42,19,15,16,34,8,3,16,4084.0,10657.975,0.008201837539672852,0.0048749446868896484,0.0,-9857.975
185,07:21:00,0.4,500,100,11,12,42,19,24,7,24,18,12,7,4224.731657122356,13701.460000000001,0.00794076919555664,0.021870136260986328,0.0,-4701.460000000001
185,07:21:00,0.4,1000,100,11,12,42,19,24,7,22,20,12,7,4380.094786447149,14972.553999999998,0.008204221725463867,0.030948877334594727,0.0,5027.446000000002
185,07:21:00,0.4,0,500,11,12,89,32,15,29,89,0,3,29,4084.0,10534.188,0.03336977958679199,0.0032401084899902344,0.0,-10534.188
185,07:21:00,0.4,100,500,11,12,89,32,16,28,74,15,4,28,5253.0,10769.277,0.03424787521362305,0.03413105010986328,0.0,-9269.277
185,07:21:00,0.4,500,500,11,12,89,32,28,16,46,43,16,16,5253.0,16391.92,0.03419065475463867,0.08096694946289062,0.0,5108.080000000002
185,07:21:00,0.4,1000,500,11,12,89,32,33,11,43,46,21,11,5253.0,18245.326999999997,0.035550832748413086,0.247528076171875,0.0,27754.673000000003
185,07:21:00,0.4,0,700,11,12,89,32,15,29,89,0,3,29,4084.0,10534.188,0.03431296348571777,0.003453969955444336,0.0,-10534.188
185,07:21:00,0.4,100,700,11,12,89,32,16,28,74,15,4,28,5253.0,10769.277,0.0333249568939209,0.032219886779785156,0.0,-9269.277
185,07:21:00,0.4,500,700,11,12,89,32,28,16,46,43,16,16,5253.0,16391.92,0.03353095054626465,0.0791318416595459,0.0,5108.080000000002
185,07:21:00,0.4,1000,700,11,12,89,32,33,11,43,46,21,11,5253.0,18245.326999999997,0.03317689895629883,0.24965190887451172,0.0,27754.673000000003
191,13:41:30,0.2,0,10,3,4,5,3,4,3,5,0,0,3,2956.0,4892.327684128706,0.0004379749298095703,0.0003688335418701172,0.0,-4892.327684128706
191,13:41:30,0.2,100,10,3,4,5,3,4,3,4,1,0,3,2956.0,4892.327684128706,0.0004019737243652344,0.0003619194030761719,0.0,-4792.327684128706
191,13:41:30,0.2,500,10,3,4,5,3,5,2,3,2,1,2,2956.0,5338.725684128705,0.0004019737243652344,0.0005121231079101562,0.0,-4338.725684128705
191,13:41:30,0.2,1000,10,3,4,5,3,5,2,3,2,1,2,2956.0,5338.725684128705,0.0004088878631591797,0.00034880638122558594,0.0,-3338.7256841287053
191,13:41:30,0.2,0,100,3,4,10,6,4,6,10,0,0,6,1381.0,4892.327684128706,0.0008649826049804688,0.0006079673767089844,0.0,-4892.327684128706
191,13:41:30,0.2,100,100,3,4,10,6,4,6,9,1,0,6,1381.0,4892.327684128706,0.0008857250213623047,0.0004611015319824219,0.0,-4792.327684128706
191,13:41:30,0.2,500,100,3,4,10,6,6,4,7,3,2,4,2956.0,5655.455684128705,0.0008900165557861328,0.00041413307189941406,0.0,-4155.455684128705
191,13:41:30,0.2,1000,100,3,4,10,6,6,4,7,3,2,4,2956.0,5655.455684128705,0.0008687973022460938,0.0004379749298095703,0.0,-2655.455684128705
191,13:41:30,0.2,0,500,3,4,23,11,4,11,23,0,0,11,2956.0,4892.327684128706,0.0029838085174560547,0.0008881092071533203,0.0,-4892.327684128706
191,13:41:30,0.2,100,500,3,4,23,11,6,9,17,6,2,9,1476.4714939751866,5338.725684128705,0.002918243408203125,0.0013179779052734375,0.0,-4738.725684128705
191,13:41:30,0.2,500,500,3,4,23,11,7,8,16,7,3,8,1476.4714939751866,5338.725684128705,0.0030672550201416016,0.0019321441650390625,0.0,-1838.7256841287053
191,13:41:30,0.2,1000,500,3,4,23,11,9,6,15,8,5,6,2956.0,5883.4766841287055,0.003156900405883789,0.0018200874328613281,0.0,2116.5233158712945
191,13:41:30,0.2,0,700,3,4,23,11,4,11,23,0,0,11,2956.0,4892.327684128706,0.003197908401489258,0.0010709762573242188,0.0,-4892.327684128706
191,13:41:30,0.2,100,700,3,4,23,11,6,9,17,6,2,9,1476.4714939751866,5338.725684128705,0.0030488967895507812,0.0014641284942626953,0.0,-4738.725684128705
191,13:41:30,0.2,500,700,3,4,23,11,7,8,16,7,3,8,1476.4714939751866,5338.725684128705,0.003144979476928711,0.02249002456665039,0.0,-1838.7256841287053
191,13:41:30,0.2,1000,700,3,4,23,11,9,6,15,8,5,6,2956.0,5883.4766841287055,0.003103971481323242,0.0016629695892333984,0.0,2116.5233158712945
193,13:30:30,0.4,0,10,6,7,4,5,7,5,4,0,0,5,2464.0,5423.321999999999,0.0004978179931640625,0.0005259513854980469,0.0,-5423.321999999999
193,13:30:30,0.4,100,10,6,7,4,5,7,5,4,0,0,5,2464.0,5423.321999999999,0.0004999637603759766,0.0005030632019042969,0.0,-5423.321999999999
193,13:30:30,0.4,500,10,6,7,4,5,9,3,3,1,2,3,2343.0,5708.795999999999,0.0005121231079101562,0.0005679130554199219,0.0,-5208.795999999999
193,13:30:30,0.4,1000,10,6,7,4,5,9,3,3,1,2,3,2343.0,5708.795999999999,0.0005640983581542969,0.0008149147033691406,0.0,-4708.795999999999
193,13:30:30,0.4,0,100,6,7,21,11,7,11,21,0,0,11,2343.0,5423.321999999999,0.002332925796508789,0.0014808177947998047,0.0,-5423.321999999999
193,13:30:30,0.4,100,100,6,7,21,11,8,10,19,2,1,10,2343.0,5423.321999999999,0.002385854721069336,0.00131988525390625,0.0,-5223.321999999999
193,13:30:30,0.4,500,100,6,7,21,11,13,5,11,10,6,5,2464.0,8115.594,0.0025010108947753906,0.015053987503051758,0.0,-3115.594
193,13:30:30,0.4,1000,100,6,7,21,11,14,4,10,11,7,4,2453.2305162848934,8913.961,0.0023529529571533203,0.008455991744995117,4.793769312528207e-10,2086.0390000000007
193,13:30:30,0.4,0,500,6,7,48,17,7,17,48,0,0,17,2343.0,5423.321999999999,0.007526874542236328,0.001547098159790039,0.0,-5423.321999999999
193,13:30:30,0.4,100,500,6,7,48,17,8,16,40,8,1,16,2343.0,5423.321999999999,0.008613109588623047,0.002780914306640625,0.0,-4623.321999999999
193,13:30:30,0.4,500,500,6,7,48,17,16,8,18,30,9,8,2453.2305162848934,9320.221999999998,0.0076220035552978516,0.02914595603942871,0.0,5679.778000000002
193,13:30:30,0.4,1000,500,6,7,48,17,16,8,18,30,9,8,2464.0,9320.221999999998,0.007429838180541992,0.03177380561828613,0.0,20679.778000000002
193,13:30:30,0.4,0,700,6,7,48,17,7,17,48,0,0,17,2343.0,5423.321999999999,0.00744175910949707,0.0015859603881835938,0.0,-5423.321999999999
193,13:30:30,0.4,100,700,6,7,48,17,8,16,40,8,1,16,2343.0,5423.321999999999,0.007887840270996094,0.0030241012573242188,0.0,-4623.321999999999
193,13:30:30,0.4,500,700,6,7,48,17,16,8,18,30,9,8,2453.2305162848934,9320.221999999998,0.007704973220825195,0.02812504768371582,0.0,5679.778000000002
193,13:30:30,0.4,1000,700,6,7,48,17,16,8,18,30,9,8,2464.0,9320.221999999998,0.007534027099609375,0.03121185302734375,0.0,20679.778000000002
199,13:24:30,0.4,0,10,8,9,6,3,9,3,6,0,0,3,3750.0,10643.723999999998,0.0005738735198974609,0.0005469322204589844,0.0,-10643.723999999998
199,13:24:30,0.4,100,10,8,9,6,3,9,3,4,2,0,3,3750.0,10643.723999999998,0.0005669593811035156,0.0005340576171875,0.0,-10443.723999999998
199,13:24:30,0.4,500,10,8,9,6,3,10,2,3,3,1,2,5688.0,10775.178,0.0005829334259033203,0.0006017684936523438,0.0,-9275.178
199,13:24:30,0.4,1000,10,8,9,6,3,12,0,1,5,3,0,3750.0,12052.299,0.0005860328674316406,0.0006091594696044922,0.0,-7052.299000000001
199,13:24:30,0.4,0,100,8,9,14,8,9,8,14,0,0,8,3750.0,10643.723999999998,0.0017011165618896484,0.0011019706726074219,0.0,-10643.723999999998
199,13:24:30,0.4,100,100,8,9,14,8,14,3,5,9,5,3,3750.0,10924.643,0.0016682147979736328,0.0010540485382080078,0.0,-10024.643
199,13:24:30,0.4,500,100,8,9,14,8,14,3,5,9,5,3,3750.0,10924.643,0.0018432140350341797,0.0013399124145507812,0.0,-6424.643
199,13:24:30,0.4,1000,100,8,9,14,8,16,1,2,12,7,1,3750.0,12835.941,0.0017652511596679688,0.0008680820465087891,0.0,-835.9410000000007
199,13:24:30,0.4,0,500,8,9,22,14,9,14,22,0,0,14,3750.0,10643.723999999998,0.0034017562866210938,0.0011990070343017578,0.0,-10643.723999999998
199,13:24:30,0.4,100,500,8,9,22,14,15,8,11,11,6,8,3750.0,10976.803,0.0033490657806396484,0.0014050006866455078,0.0,-9876.803
199,13:24:30,0.4,500,500,8,9,22,14,17,6,7,15,8,6,5688.0,12310.951,0.003548860549926758,0.002458810806274414,0.0,-4810.950999999999
199,13:24:30,0.4,1000,500,8,9,22,14,21,2,4,18,12,2,5688.0,14246.774000000001,0.003518342971801758,0.0022759437561035156,0.0,3753.2259999999987
199,13:24:30,0.4,0,700,8,9,29,16,9,16,29,0,0,16,5688.0,10643.723999999998,0.005313873291015625,0.0017361640930175781,0.0,-10643.723999999998
199,13:24:30,0.4,100,700,8,9,29,16,16,9,13,16,7,9,3750.0,10976.803,0.0052869319915771484,0.0016100406646728516,0.0,-9376.803
199,13:24:30,0.4,500,700,8,9,29,16,21,4,6,23,12,4,3750.0,13484.783000000001,0.005989789962768555,0.0028171539306640625,0.0,-1984.7830000000013
199,13:24:30,0.4,1000,700,8,9,29,16,23,2,4,25,14,2,3882.977809591983,14730.829000000003,0.005192995071411133,0.0027358531951904297,0.0,10269.170999999997
199,13:24:30,1,0,10,19,20,8,2,20,2,8,0,0,2,5036.0,11183.928,0.0012061595916748047,0.0005869865417480469,0.0,-11183.928
199,13:24:30,1,100,10,19,20,8,2,21,1,2,6,1,1,5036.0,11183.928,0.0012059211730957031,0.0006499290466308594,0.0,-10583.928
199,13:24:30,1,500,10,19,20,8,2,22,0,1,7,2,0,4871.0,11545.71,0.001096963882446289,0.0011129379272460938,0.0,-8045.709999999999
199,13:24:30,1,1000,10,19,20,8,2,22,0,1,7,2,0,4871.0,11545.71,0.0011029243469238281,0.029738187789916992,0.0,-4545.709999999999
199,13:24:30,1,0,100,19,20,23,5,20,5,23,0,0,5,5036.0,11183.928,0.0034818649291992188,0.0009691715240478516,0.0,-11183.928
199,13:24:30,1,100,100,19,20,23,5,22,3,4,19,2,3,5036.0,11245.678,0.003487825393676758,0.0007588863372802734,0.0,-9345.678
199,13:24:30,1,500,100,19,20,23,5,23,2,3,20,3,2,4871.0,11607.46,0.0027861595153808594,0.0013289451599121094,0.0,-1607.4599999999991
199,13:24:30,1,1000,100,19,20,23,5,23,2,3,20,3,2,4871.0,11607.46,0.005655765533447266,0.004164934158325195,0.0,8392.54
199,13:24:30,1,0,500,19,20,30,10,20,10,30,0,0,10,4871.0,11183.928,0.004945039749145508,0.002115011215209961,0.0,-11183.928
199,13:24:30,1,100,500,19,20,30,10,22,8,9,21,2,8,4871.0,11245.678,0.0045909881591796875,0.0013840198516845703,0.0,-9145.678
199,13:24:30,1,500,500,19,20,30,10,25,5,6,24,5,5,4871.0,12080.197,0.003885984420776367,0.0015048980712890625,0.0,-80.19700000000012
199,13:24:30,1,1000,500,19,20,30,10,26,4,5,25,6,4,4871.0,12604.350999999999,0.003537893295288086,0.0012080669403076172,0.0,12395.649000000001
199,13:24:30,1,0,700,19,20,30,10,20,10,30,0,0,10,4871.0,11183.928,0.003589153289794922,0.0010509490966796875,0.0,-11183.928
199,13:24:30,1,100,700,19,20,30,10,22,8,9,21,2,8,4871.0,11245.678,0.0035300254821777344,0.0010838508605957031,0.0,-9145.678
199,13:24:30,1,500,700,19,20,30,10,25,5,6,24,5,5,4871.0,12080.197,0.0037109851837158203,0.0012710094451904297,0.0,-80.19700000000012
199,13:24:30,1,1000,700,19,20,30,10,26,4,5,25,6,4,4871.0,12604.350999999999,0.003679990768432617,0.001600027084350586,0.0,12395.649000000001
187,16:47:00,0.2,0,10,6,7,2,2,7,2,2,0,0,2,4668.0,11270.348,0.0003921985626220703,0.0005509853363037109,0.0,-11270.348
187,16:47:00,0.2,100,10,6,7,2,2,8,1,1,1,1,1,4668.0,11270.348000000002,0.0003497600555419922,0.00047397613525390625,0.0,-11170.348000000002
187,16:47:00,0.2,500,10,6,7,2,2,8,1,1,1,1,1,4668.0,11270.348000000002,0.0003371238708496094,0.00045800209045410156,0.0,-10770.348000000002
187,16:47:00,0.2,1000,10,6,7,2,2,9,0,0,2,2,0,5325.0,12028.034000000001,0.0003330707550048828,0.00043010711669921875,0.0,-10028.034000000001
187,16:47:00,0.2,0,100,6,7,10,6,7,6,10,0,0,6,4668.0,11270.348,0.0010371208190917969,0.0007560253143310547,0.0,-11270.348
187,16:47:00,0.2,100,100,6,7,10,6,8,5,6,4,1,5,4668.0,11270.348000000002,0.0011439323425292969,0.0006830692291259766,0.0,-10870.348000000002
187,16:47:00,0.2,500,100,6,7,10,6,12,1,1,9,5,1,4668.0,12292.935,0.001100778579711914,0.0009329319000244141,0.0,-7792.9349999999995
187,16:47:00,0.2,1000,100,6,7,10,6,13,0,0,10,6,0,4668.0,12921.731,0.0011591911315917969,0.0007429122924804688,0.0,-2921.7309999999998
187,16:47:00,0.2,0,500,6,7,43,26,9,24,43,0,2,24,4668.0,11270.348000000002,0.012727737426757812,0.002498149871826172,0.0,-11270.348000000002
187,16:47:00,0.2,100,500,6,7,43,26,21,12,16,27,14,12,4668.0,11969.200999999995,0.012221097946166992,0.002454996109008789,0.0,-9269.200999999995
187,16:47:00,0.2,500,500,6,7,43,26,24,9,10,33,17,9,4668.0,13273.833999999997,0.012420892715454102,0.021932125091552734,0.0,3226.166000000003
187,16:47:00,0.2,1000,500,6,7,43,26,31,2,2,41,24,2,4835.470107074689,18376.989,0.01376199722290039,0.015311956405639648,0.0,22623.011
187,16:47:00,0.2,0,700,6,7,43,26,9,24,43,0,2,24,4668.0,11270.348000000002,0.012540102005004883,0.0025250911712646484,0.0,-11270.348000000002
187,16:47:00,0.2,100,700,6,7,43,26,21,12,16,27,14,12,4668.0,11969.200999999995,0.012966156005859375,0.0028820037841796875,0.0,-9269.200999999995
187,16:47:00,0.2,500,700,6,7,43,26,24,9,10,33,17,9,4668.0,13273.833999999997,0.013120889663696289,0.01723504066467285,0.0,3226.166000000003
187,16:47:00,0.2,1000,700,6,7,43,26,31,2,2,41,24,2,4835.470107074689,18376.989,0.012311220169067383,0.014420032501220703,0.0,22623.011
55,15:58:00,1,0,10,22,23,15,3,23,3,15,0,0,3,6866.0,15261.705000000002,0.0016167163848876953,0.0004930496215820312,0.0,-15261.705000000002
55,15:58:00,1,100,10,22,23,15,3,23,3,2,13,0,3,6866.0,15261.705000000002,0.0017871856689453125,0.0006089210510253906,0.0,-13961.705000000002
55,15:58:00,1,500,10,22,23,15,3,23,3,2,13,0,3,6866.0,15261.705000000002,0.002997875213623047,0.0005419254302978516,0.0,-8761.705000000002
55,15:58:00,1,1000,10,22,23,15,3,24,2,1,14,1,2,6655.0,15989.469000000001,0.0019159317016601562,0.0007340908050537109,0.0,-1989.469000000001
55,15:58:00,1,0,100,22,23,33,8,23,8,33,0,0,8,6866.0,15261.705000000002,0.0035109519958496094,0.0008409023284912109,0.0,-15261.705000000002
55,15:58:00,1,100,100,22,23,33,8,23,8,7,26,0,8,6866.0,15261.705000000002,0.003699064254760742,0.0008859634399414062,0.0,-12661.705000000002
55,15:58:00,1,500,100,22,23,33,8,26,5,4,29,3,5,6771.284217668814,16413.231,0.0040280818939208984,0.0010030269622802734,0.0,-1913.2309999999998
55,15:58:00,1,1000,100,22,23,33,8,27,4,3,30,4,4,6771.284217668814,17140.995,0.004220008850097656,0.001024007797241211,0.0,12859.005000000001
55,15:58:00,1,0,500,22,23,71,18,23,18,71,0,0,18,6655.0,15261.705000000002,0.01116490364074707,0.001767873764038086,0.0,-15261.705000000002
55,15:58:00,1,100,500,22,23,71,18,23,18,30,41,0,18,6655.0,15261.705000000002,0.011823177337646484,0.002012014389038086,0.0,-11161.705000000002
55,15:58:00,1,500,500,22,23,71,18,29,12,21,50,6,12,6866.0,17014.122000000003,0.011650800704956055,0.0037331581115722656,0.0,7985.877999999997
55,15:58:00,1,1000,500,22,23,71,18,30,11,19,52,7,11,6750.198930744453,18364.22,0.011241912841796875,0.003481149673461914,8.380956231736393e-05,33635.78
55,15:58:00,1,0,700,22,23,71,18,23,18,71,0,0,18,6655.0,15261.705000000002,0.011616945266723633,0.0019969940185546875,0.0,-15261.705000000002
55,15:58:00,1,100,700,22,23,71,18,23,18,30,41,0,18,6655.0,15261.705000000002,0.012112855911254883,0.002022981643676758,0.0,-11161.705000000002
55,15:58:00,1,500,700,22,23,71,18,29,12,21,50,6,12,6866.0,17014.122000000003,0.011219024658203125,0.0034661293029785156,0.0,7985.877999999997
55,15:58:00,1,1000,700,22,23,71,18,30,11,19,52,7,11,6750.198930744453,18364.22,0.01165318489074707,0.003826141357421875,8.380956231736393e-05,33635.78
187,16:47:00,1,0,10,29,30,7,0,30,0,7,0,0,0,5546.0,12328.012,0.0016942024230957031,0.000453948974609375,0.0,-12328.012
187,16:47:00,1,100,10,29,30,7,0,30,0,0,7,0,0,5546.0,12328.012,0.0016009807586669922,0.0004470348358154297,0.0,-11628.012
187,16:47:00,1,500,10,29,30,7,0,30,0,0,7,0,0,5546.0,12328.012,0.00220489501953125,0.00041413307189941406,0.0,-8828.012
187,16:47:00,1,1000,10,29,30,7,0,30,0,0,7,0,0,5546.0,12328.012,0.0019609928131103516,0.0004661083221435547,0.0,-5328.012000000001
187,16:47:00,1,0,100,29,30,13,2,30,2,13,0,0,2,5546.0,12328.012,0.0024771690368652344,0.0005948543548583984,0.0,-12328.012
187,16:47:00,1,100,100,29,30,13,2,30,2,2,11,0,2,5546.0,12328.012,0.0021588802337646484,0.0005469322204589844,0.0,-11228.012
187,16:47:00,1,500,100,29,30,13,2,31,1,1,12,1,1,5367.0,12769.466,0.002084016799926758,0.0006010532379150391,0.0,-6769.466
187,16:47:00,1,1000,100,29,30,13,2,31,1,1,12,1,1,5367.0,12769.466,0.0018391609191894531,0.000682830810546875,0.0,-769.4660000000003
187,16:47:00,1,0,500,29,30,43,10,30,10,43,0,0,10,5546.0,12328.012,0.0054857730865478516,0.0011320114135742188,0.0,-12328.012
187,16:47:00,1,100,500,29,30,43,10,32,8,8,35,2,8,5367.0,12567.808,0.005301952362060547,0.0013589859008789062,0.0,-9067.808
187,16:47:00,1,500,500,29,30,43,10,35,5,5,38,5,5,5367.0,13553.770999999999,0.005233049392700195,0.0013549327850341797,0.0,5446.229000000001
187,16:47:00,1,1000,500,29,30,43,10,36,4,4,39,6,4,5367.0,14322.462999999998,0.005513906478881836,0.0015349388122558594,0.0,24677.537000000004
187,16:47:00,1,0,700,29,30,43,10,30,10,43,0,0,10,5546.0,12328.012,0.005518198013305664,0.0010998249053955078,0.0,-12328.012
187,16:47:00,1,100,700,29,30,43,10,32,8,8,35,2,8,5367.0,12567.808,0.005282163619995117,0.0013339519500732422,0.0,-9067.808
187,16:47:00,1,500,700,29,30,43,10,35,5,5,38,5,5,5367.0,13553.770999999999,0.005159854888916016,0.001249074935913086,0.0,5446.229000000001
187,16:47:00,1,1000,700,29,30,43,10,36,4,4,39,6,4,5367.0,14322.462999999998,0.005545854568481445,0.0013549327850341797,0.0,24677.537000000004
185,15:27:00,0.2,0,10,3,4,4,3,4,3,4,0,0,3,2327.0,6975.874,0.0003769397735595703,0.0005939006805419922,0.0,-6975.874
185,15:27:00,0.2,100,10,3,4,4,3,4,3,3,1,0,3,2327.0,6975.874,0.0003509521484375,0.0004870891571044922,0.0,-6875.874
185,15:27:00,0.2,500,10,3,4,4,3,5,2,1,3,1,2,3860.0,7603.9259999999995,0.0003440380096435547,0.0005321502685546875,0.0,-6103.9259999999995
185,15:27:00,0.2,1000,10,3,4,4,3,5,2,1,3,1,2,3860.0,7603.9259999999995,0.00033473968505859375,0.0004410743713378906,0.0,-4603.9259999999995
185,15:27:00,0.2,0,100,3,4,8,6,4,6,8,0,0,6,2327.0,6975.874,0.0008020401000976562,0.0006158351898193359,0.0,-6975.874
185,15:27:00,0.2,100,100,3,4,8,6,7,3,3,5,3,3,2327.0,7277.646,0.0007750988006591797,0.0005891323089599609,0.0,-6777.646
185,15:27:00,0.2,500,100,3,4,8,6,8,2,1,7,4,2,2327.0,7905.697999999999,0.0007779598236083984,0.0005970001220703125,0.0,-4405.697999999999
185,15:27:00,0.2,1000,100,3,4,8,6,8,2,1,7,4,2,2327.0,7905.697999999999,0.0007851123809814453,0.0013070106506347656,0.0,-905.6979999999994
185,15:27:00,0.2,0,500,3,4,26,20,7,17,26,0,3,17,2327.0,6975.874,0.010034799575805664,0.002285003662109375,0.0,-6975.874
185,15:27:00,0.2,100,500,3,4,26,20,13,11,12,14,9,11,2327.0,7380.283999999999,0.010463953018188477,0.0023658275604248047,0.0,-5980.283999999999
185,15:27:00,0.2,500,500,3,4,26,20,17,7,7,19,13,7,2327.0,8875.138,0.009958982467651367,0.004163980484008789,0.0,624.8620000000001
185,15:27:00,0.2,1000,500,3,4,26,20,20,4,4,22,16,4,3860.0,11010.146,0.009948253631591797,0.008203983306884766,0.0,10989.854
185,15:27:00,0.2,0,700,3,4,26,20,7,17,26,0,3,17,2327.0,6975.874,0.010429859161376953,0.0021851062774658203,0.0,-6975.874
185,15:27:00,0.2,100,700,3,4,26,20,13,11,12,14,9,11,2327.0,7380.283999999999,0.011096000671386719,0.0025451183319091797,0.0,-5980.283999999999
185,15:27:00,0.2,500,700,3,4,26,20,17,7,7,19,13,7,2327.0,8875.138,0.010483026504516602,0.00420689582824707,0.0,624.8620000000001
185,15:27:00,0.2,1000,700,3,4,26,20,20,4,4,22,16,4,3860.0,11010.146,0.009891748428344727,0.008175134658813477,0.0,10989.854
192,08:28:00,0.4,0,10,5,6,5,4,7,3,5,0,1,3,3306.0,6504.487999999999,0.0004470348358154297,0.0004279613494873047,0.0,-6504.487999999999
192,08:28:00,0.4,100,10,5,6,5,4,7,3,2,3,1,3,3306.0,6504.487999999999,0.0004260540008544922,0.0004439353942871094,0.0,-6204.487999999999
192,08:28:00,0.4,500,10,5,6,5,4,8,2,1,4,2,2,3306.0,6976.348,0.0004398822784423828,0.0003609657287597656,0.0,-4976.348
192,08:28:00,0.4,1000,10,5,6,5,4,10,0,0,5,4,0,2485.337665533283,7518.242,0.0005068778991699219,0.0005190372467041016,0.0,-2518.242
192,08:28:00,0.4,0,100,5,6,16,10,7,9,16,0,1,9,2459.0,6504.487999999999,0.0027709007263183594,0.0011301040649414062,0.0,-6504.487999999999
192,08:28:00,0.4,100,100,5,6,16,10,10,6,6,10,4,6,2484.3318047602006,6976.347999999999,0.0017199516296386719,0.0010390281677246094,0.0,-5976.347999999999
192,08:28:00,0.4,500,100,5,6,16,10,13,3,3,13,7,3,2585.947208303507,7966.836,0.0016031265258789062,0.0012540817260742188,0.0,-1466.8360000000002
192,08:28:00,0.4,1000,100,5,6,16,10,16,0,0,16,10,0,2586.953069076597,9582.584000000003,0.0016226768493652344,0.001300811767578125,0.0,6417.415999999997
192,08:28:00,0.4,0,500,5,6,33,16,9,13,33,0,3,13,2459.0,6504.487999999999,0.005735158920288086,0.0015041828155517578,0.0,-6504.487999999999
192,08:28:00,0.4,100,500,5,6,33,16,12,10,13,20,6,10,2484.3318047602006,7152.311000000001,0.005645036697387695,0.0015749931335449219,0.0,-5152.311000000001
192,08:28:00,0.4,500,500,5,6,33,16,17,5,4,29,11,5,2709.015613815318,9562.564000000002,0.005743265151977539,0.005474090576171875,0.0,4937.435999999998
192,08:28:00,0.4,1000,500,5,6,33,16,21,1,1,32,15,1,2906.015613815318,11130.926,0.0057561397552490234,0.0041048526763916016,0.0,20869.074
192,08:28:00,0.4,0,700,5,6,33,16,9,13,33,0,3,13,2459.0,6504.487999999999,0.005957841873168945,0.001631021499633789,0.0,-6504.487999999999
192,08:28:00,0.4,100,700,5,6,33,16,12,10,13,20,6,10,2484.3318047602006,7152.311000000001,0.005670785903930664,0.0015680789947509766,0.0,-5152.311000000001
192,08:28:00,0.4,500,700,5,6,33,16,17,5,4,29,11,5,2709.015613815318,9562.564000000002,0.0056269168853759766,0.0044710636138916016,0.0,4937.435999999998
192,08:28:00,0.4,1000,700,5,6,33,16,21,1,1,32,15,1,2906.015613815318,11130.926,0.005690097808837891,0.0038628578186035156,0.0,20869.074
55,18:56:00,1,0,10,27,28,17,0,28,0,17,0,0,0,8510.0,19058.935,0.0019221305847167969,0.0007269382476806641,0.0,-19058.935
55,18:56:00,1,100,10,27,28,17,0,28,0,0,17,0,0,8510.0,19058.935,0.002286195755004883,0.0007350444793701172,0.0,-17358.935
55,18:56:00,1,500,10,27,28,17,0,28,0,0,17,0,0,8510.0,19058.935,0.0022869110107421875,0.0005009174346923828,0.0,-10558.935000000001
55,18:56:00,1,1000,10,27,28,17,0,28,0,0,17,0,0,8510.0,19058.935,0.002180814743041992,0.0004200935363769531,0.0,-2058.9350000000013
55,18:56:00,1,0,100,27,28,29,2,28,2,29,0,0,2,8510.0,19058.935,0.0034792423248291016,0.0007991790771484375,0.0,-19058.935
55,18:56:00,1,100,100,27,28,29,2,28,2,2,27,0,2,8510.0,19058.935,0.0032520294189453125,0.0007698535919189453,0.0,-16358.935000000001
55,18:56:00,1,500,100,27,28,29,2,30,0,0,29,2,0,8372.0,19822.577,0.0030531883239746094,0.0006539821624755859,0.0,-5322.577000000001
55,18:56:00,1,1000,100,27,28,29,2,30,0,0,29,2,0,8372.0,19822.577,0.003531932830810547,0.0006470680236816406,0.0,9177.422999999999
55,18:56:00,1,0,500,27,28,58,15,28,15,58,0,0,15,8372.0,19058.935,0.008476972579956055,0.001811981201171875,0.0,-19058.935
55,18:56:00,1,100,500,27,28,58,15,30,13,18,40,2,13,8510.0,19099.205000000005,0.008105993270874023,0.0018100738525390625,0.0,-15099.205000000005
55,18:56:00,1,500,500,27,28,58,15,38,5,4,54,10,5,8372.0,22365.997000000003,0.00817108154296875,0.0017998218536376953,0.0,4634.002999999997
55,18:56:00,1,1000,500,27,28,58,15,39,4,3,55,11,4,8422.927433786681,23161.205,0.008252859115600586,0.0018069744110107422,0.0,31838.795
55,18:56:00,1,0,700,27,28,58,15,28,15,58,0,0,15,8372.0,19058.935,0.008278608322143555,0.0017809867858886719,0.0,-19058.935
55,18:56:00,1,100,700,27,28,58,15,30,13,18,40,2,13,8510.0,19099.205000000005,0.008083820343017578,0.0016438961029052734,0.0,-15099.205000000005
55,18:56:00,1,500,700,27,28,58,15,38,5,4,54,10,5,8372.0,22365.997000000003,0.008506298065185547,0.001959085464477539,0.0,4634.002999999997
55,18:56:00,1,1000,700,27,28,58,15,39,4,3,55,11,4,8422.927433786681,23161.205,0.00813603401184082,0.001847982406616211,0.0,31838.795
193,08:16:30,0.4,0,10,5,6,13,4,7,3,13,0,1,3,1795.0,5013.1810000000005,0.0007679462432861328,0.0005750656127929688,0.0,-5013.1810000000005
193,08:16:30,0.4,100,10,5,6,13,4,8,2,3,10,2,2,1795.0,5013.181,0.0007548332214355469,0.0005140304565429688,0.0,-4013.1809999999996
193,08:16:30,0.4,500,10,5,6,13,4,8,2,3,10,2,2,1795.0,5013.181,0.0007259845733642578,0.0005178451538085938,0.0,-13.180999999999585
193,08:16:30,0.4,1000,10,5,6,13,4,10,0,0,13,4,0,1852.802866261034,6902.593000000001,0.0008027553558349609,0.0006439685821533203,0.0,6097.406999999999
193,08:16:30,0.4,0,100,5,6,25,9,6,9,25,0,0,9,2648.0,5013.181,0.002681732177734375,0.0011069774627685547,0.0,-5013.181
193,08:16:30,0.4,100,100,5,6,25,9,10,5,6,19,4,5,1795.0,5188.192999999999,0.002794981002807617,0.0012140274047851562,0.0,-3288.1929999999993
193,08:16:30,0.4,500,100,5,6,25,9,11,4,5,20,5,4,1795.0,5530.599999999999,0.0024590492248535156,0.002496004104614258,0.0,4469.400000000001
193,08:16:30,0.4,1000,100,5,6,25,9,14,1,1,24,8,1,2019.5341058219965,7603.015000000001,0.0024290084838867188,0.0013990402221679688,0.0,16396.985
193,08:16:30,0.4,0,500,5,6,43,16,10,12,43,0,4,12,1795.0,5013.181,0.007330894470214844,0.0015420913696289062,0.0,-5013.181
193,08:16:30,0.4,100,500,5,6,43,16,12,10,14,29,6,10,1795.0,5188.193,0.007225990295410156,0.001547098159790039,0.0,-2288.193
193,08:16:30,0.4,500,500,5,6,43,16,18,4,6,37,12,4,2120.378638749702,7553.405999999999,0.00771784782409668,0.00480198860168457,0.0,10946.594000000001
193,08:16:30,0.4,1000,500,5,6,43,16,19,3,4,39,13,3,2648.0,9072.551999999998,0.0076410770416259766,0.004364967346191406,0.0,29927.448000000004
193,08:16:30,0.4,0,700,5,6,43,16,10,12,43,0,4,12,1795.0,5013.181,0.007400989532470703,0.0019168853759765625,0.0,-5013.181
193,08:16:30,0.4,100,700,5,6,43,16,12,10,14,29,6,10,1795.0,5188.193,0.007354736328125,0.0016188621520996094,0.0,-2288.193
193,08:16:30,0.4,500,700,5,6,43,16,18,4,6,37,12,4,2120.378638749702,7553.405999999999,0.007400989532470703,0.004395008087158203,0.0,10946.594000000001
193,08:16:30,0.4,1000,700,5,6,43,16,19,3,4,39,13,3,2648.0,9072.551999999998,0.0073587894439697266,0.0043849945068359375,0.0,29927.448000000004
198,19:44:00,1,0,10,7,8,2,1,8,1,2,0,0,1,1591.0,3464.262,0.00035834312438964844,0.0005249977111816406,0.0,-3464.262
198,19:44:00,1,100,10,7,8,2,1,8,1,1,1,0,1,1591.0,3464.262,0.0003268718719482422,0.0003581047058105469,0.0,-3364.262
198,19:44:00,1,500,10,7,8,2,1,8,1,1,1,0,1,1591.0,3464.262,0.00035309791564941406,0.0006341934204101562,0.0,-2964.262
198,19:44:00,1,1000,10,7,8,2,1,9,0,0,2,1,0,1591.0,4003.671,0.0003268718719482422,0.00037288665771484375,0.0,-2003.6709999999998
198,19:44:00,1,0,100,7,8,15,5,8,5,15,0,0,5,1591.0,3464.262,0.0009348392486572266,0.0004889965057373047,0.0,-3464.262
198,19:44:00,1,100,100,7,8,15,5,8,5,8,7,0,5,1591.0,3464.262,0.0009379386901855469,0.0005838871002197266,0.0,-2764.262
198,19:44:00,1,500,100,7,8,15,5,11,2,2,13,3,2,1477.0,4243.914,0.0009071826934814453,0.0005748271942138672,0.0,2256.0860000000002
198,19:44:00,1,1000,100,7,8,15,5,12,1,1,14,4,1,1477.0,4783.323,0.0009279251098632812,0.000782012939453125,0.0,9216.677
198,19:44:00,1,0,500,7,8,23,8,8,8,23,0,0,8,1591.0,3464.262,0.0017330646514892578,0.0010318756103515625,0.0,-3464.262
198,19:44:00,1,100,500,7,8,23,8,10,6,9,14,2,6,1477.0,3879.1149999999993,0.0016977787017822266,0.001104116439819336,0.0,-2479.1149999999993
198,19:44:00,1,500,500,7,8,23,8,14,2,2,21,6,2,1586.6349394535791,5346.971,0.0016889572143554688,0.0010499954223632812,0.0,5153.029
198,19:44:00,1,1000,500,7,8,23,8,14,2,2,21,6,2,1586.6349394535791,5346.971,0.0017879009246826172,0.001500844955444336,0.0,15653.029
198,19:44:00,1,0,700,7,8,23,8,8,8,23,0,0,8,1591.0,3464.262,0.001766204833984375,0.0010991096496582031,0.0,-3464.262
198,19:44:00,1,100,700,7,8,23,8,10,6,9,14,2,6,1477.0,3879.1149999999993,0.001714944839477539,0.0012431144714355469,0.0,-2479.1149999999993
198,19:44:00,1,500,700,7,8,23,8,14,2,2,21,6,2,1586.6349394535791,5346.971,0.0018298625946044922,0.0011639595031738281,0.0,5153.029
198,19:44:00,1,1000,700,7,8,23,8,14,2,2,21,6,2,1586.6349394535791,5346.971,0.0016939640045166016,0.0017421245574951172,0.0,15653.029
155,13:50:00,1,0,10,14,15,7,3,15,3,7,0,0,3,2754.0,6044.251000000001,0.0017142295837402344,0.00045680999755859375,0.0,-6044.251000000001
155,13:50:00,1,100,10,14,15,7,3,15,3,3,4,0,3,2754.0,6044.251000000001,0.0008320808410644531,0.00042891502380371094,0.0,-5644.251000000001
155,13:50:00,1,500,10,14,15,7,3,18,0,0,7,3,0,2595.0,7077.207000000001,0.0009758472442626953,0.0005669593811035156,0.0,-3577.2070000000012
155,13:50:00,1,1000,10,14,15,7,3,18,0,0,7,3,0,2595.0,7077.207000000001,0.0009610652923583984,0.0004420280456542969,0.0,-77.20700000000124
155,13:50:00,1,0,100,14,15,13,4,15,4,13,0,0,4,2754.0,6044.251000000001,0.001207113265991211,0.0009560585021972656,0.0,-6044.251000000001
155,13:50:00,1,100,100,14,15,13,4,15,4,4,9,0,4,2754.0,6044.251000000001,0.0011930465698242188,0.0005931854248046875,0.0,-5144.251000000001
155,13:50:00,1,500,100,14,15,13,4,19,0,0,13,4,0,2595.0,7508.516000000001,0.0011379718780517578,0.0008261203765869141,0.0,-1008.5160000000014
155,13:50:00,1,1000,100,14,15,13,4,19,0,0,13,4,0,2595.0,7508.516000000001,0.0012629032135009766,0.0005400180816650391,0.0,5491.483999999999
155,13:50:00,1,0,500,14,15,32,10,15,10,32,0,0,10,2754.0,6044.251000000001,0.0030558109283447266,0.001065969467163086,0.0,-6044.251000000001
155,13:50:00,1,100,500,14,15,32,10,17,8,11,21,2,8,2595.0,6224.599000000001,0.0037271976470947266,0.0010650157928466797,0.0,-4124.599000000001
155,13:50:00,1,500,500,14,15,32,10,22,3,4,28,7,3,2614.4566034359377,8002.855000000001,0.003058910369873047,0.0026738643646240234,0.0,5997.144999999999
155,13:50:00,1,1000,500,14,15,32,10,22,3,4,28,7,3,2614.4566034359377,8002.855000000001,0.003181934356689453,0.003276824951171875,0.0,19997.144999999997
155,13:50:00,1,0,700,14,15,32,10,15,10,32,0,0,10,2754.0,6044.251000000001,0.0031931400299072266,0.0011479854583740234,0.0,-6044.251000000001
155,13:50:00,1,100,700,14,15,32,10,17,8,11,21,2,8,2595.0,6224.599000000001,0.003216981887817383,0.0012860298156738281,0.0,-4124.599000000001
155,13:50:00,1,500,700,14,15,32,10,22,3,4,28,7,3,2614.4566034359377,8002.855000000001,0.02228093147277832,0.0032720565795898438,0.0,5997.144999999999
155,13:50:00,1,1000,700,14,15,32,10,22,3,4,28,7,3,2614.4566034359377,8002.855000000001,0.0030879974365234375,0.002771139144897461,0.0,19997.144999999997
187,13:47:00,0.2,0,10,6,7,6,4,7,4,6,0,0,4,5347.0,11164.076000000001,0.0005519390106201172,0.0006279945373535156,0.0,-11164.076000000001
187,13:47:00,0.2,100,10,6,7,6,4,9,2,2,4,2,2,4552.0,11164.076000000001,0.0005412101745605469,0.000553131103515625,0.0,-10764.076000000001
187,13:47:00,0.2,500,10,6,7,6,4,9,2,2,4,2,2,4552.0,11164.076000000001,0.0005571842193603516,0.0006251335144042969,0.0,-9164.076000000001
187,13:47:00,0.2,1000,10,6,7,6,4,10,1,1,5,3,1,4552.0,11674.129,0.000576019287109375,0.0006358623504638672,0.0,-6674.129000000001
187,13:47:00,0.2,0,100,6,7,7,5,8,4,7,0,1,4,4552.0,11164.076,0.0006580352783203125,0.00061798095703125,0.0,-11164.076
187,13:47:00,0.2,100,100,6,7,7,5,10,2,2,5,3,2,4552.0,11164.076,0.0006530284881591797,0.0006620883941650391,0.0,-10664.076
187,13:47:00,0.2,500,100,6,7,7,5,10,2,2,5,3,2,4552.0,11164.076,0.0006709098815917969,0.0007011890411376953,0.0,-8664.076
187,13:47:00,0.2,1000,100,6,7,7,5,11,1,1,6,4,1,4552.0,11674.128999999999,0.0006611347198486328,0.0006148815155029297,0.0,-5674.128999999999
187,13:47:00,0.2,0,500,6,7,38,27,9,25,38,0,2,25,4552.0,11164.076000000001,0.012397050857543945,0.002808094024658203,0.0,-11164.076000000001
187,13:47:00,0.2,100,500,6,7,38,27,16,18,25,13,9,18,4552.0,11238.213,0.012432098388671875,0.002978086471557617,0.0,-9938.213
187,13:47:00,0.2,500,500,6,7,38,27,23,11,14,24,16,11,4552.0,13069.556999999997,0.011984825134277344,0.01679682731628418,0.0,-1069.556999999997
187,13:47:00,0.2,1000,500,6,7,38,27,28,6,8,30,21,6,4756.04562604391,17128.760000000002,0.012080192565917969,0.04894304275512695,0.0,12871.239999999998
187,13:47:00,0.2,0,700,6,7,38,27,9,25,38,0,2,25,4552.0,11164.076000000001,0.012319087982177734,0.0028738975524902344,0.0,-11164.076000000001
187,13:47:00,0.2,100,700,6,7,38,27,16,18,25,13,9,18,4552.0,11238.213,0.012173891067504883,0.0029621124267578125,0.0,-9938.213
187,13:47:00,0.2,500,700,6,7,38,27,23,11,14,24,16,11,4552.0,13069.556999999997,0.011945962905883789,0.01714611053466797,0.0,-1069.556999999997
187,13:47:00,0.2,1000,700,6,7,38,27,28,6,8,30,21,6,4756.04562604391,17128.760000000002,0.012530326843261719,0.04883599281311035,0.0,12871.239999999998
196,16:23:30,0,0,10,1,2,6,4,2,4,6,0,0,4,1179.0,1882.4130000000002,0.0005578994750976562,0.0007090568542480469,0.0,-1882.4130000000002
196,16:23:30,0,100,10,1,2,6,4,2,4,6,0,0,4,1179.0,1882.4130000000002,0.0004961490631103516,0.0006399154663085938,0.0,-1882.4130000000002
196,16:23:30,0,500,10,1,2,6,4,2,4,6,0,0,4,1179.0,1882.4130000000002,0.0004811286926269531,0.0006320476531982422,0.0,-1882.4130000000002
196,16:23:30,0,1000,10,1,2,6,4,3,3,4,2,1,3,782.8561948222341,2999.726,0.0004799365997314453,0.0006530284881591797,0.0,-999.7260000000001
196,16:23:30,0,0,100,1,2,15,10,2,10,15,0,0,10,1179.0,1882.4130000000002,0.003325939178466797,0.0018448829650878906,0.0,-1882.4130000000002
196,16:23:30,0,100,100,1,2,15,10,2,10,15,0,0,10,1179.0,1882.4130000000002,0.0034799575805664062,0.0026319026947021484,0.0,-1882.4130000000002
196,16:23:30,0,500,100,1,2,15,10,2,10,15,0,0,10,1179.0,1882.4130000000002,0.003522634506225586,0.027296066284179688,0.0,-1882.4130000000002
196,16:23:30,0,1000,100,1,2,15,10,4,8,13,2,2,8,1179.0,3202.306,0.0035457611083984375,0.026362895965576172,0.0,-1202.306
196,16:23:30,0,0,500,1,2,29,17,2,17,29,0,0,17,1179.0,1882.4130000000002,0.014516115188598633,0.005673885345458984,0.0,-1882.4130000000002
196,16:23:30,0,100,500,1,2,29,17,2,17,29,0,0,17,1179.0,1882.4130000000002,0.014419078826904297,0.0070629119873046875,0.0,-1882.4130000000002
196,16:23:30,0,500,500,1,2,29,17,2,17,29,0,0,17,1179.0,1882.4130000000002,0.014334917068481445,0.0998079776763916,0.0,-1882.4130000000002
196,16:23:30,0,1000,500,1,2,29,17,5,14,24,5,3,14,1149.591013481273,4404.97,0.014547109603881836,0.11452817916870117,0.0,595.0300000000002
196,16:23:30,0,0,700,1,2,29,17,2,17,29,0,0,17,1179.0,1882.4130000000002,0.014962911605834961,0.0059850215911865234,0.0,-1882.4130000000002
196,16:23:30,0,100,700,1,2,29,17,2,17,29,0,0,17,1179.0,1882.4130000000002,0.014866352081298828,0.007173061370849609,0.0,-1882.4130000000002
196,16:23:30,0,500,700,1,2,29,17,2,17,29,0,0,17,1179.0,1882.4130000000002,0.03357291221618652,0.09748601913452148,0.0,-1882.4130000000002
196,16:23:30,0,1000,700,1,2,29,17,5,14,24,5,3,14,1149.591013481273,4404.97,0.014873743057250977,0.11362910270690918,0.0,595.0300000000002
194,07:10:00,0,0,10,1,2,9,10,2,10,9,0,0,10,3909.0,6242.156000000001,0.002485990524291992,0.0010650157928466797,0.0,-6242.156000000001
194,07:10:00,0,100,10,1,2,9,10,5,7,7,2,3,7,1633.1926673228336,6258.021,0.0025370121002197266,0.0010721683502197266,0.0,-6058.021
194,07:10:00,0,500,10,1,2,9,10,10,2,2,7,8,2,3909.0,8373.933,0.0026569366455078125,0.007269859313964844,0.0,-4873.933000000001
194,07:10:00,0,1000,10,1,2,9,10,12,0,0,9,10,0,2475.871062992126,9486.972,0.002599954605102539,0.0013740062713623047,0.0,-486.97199999999975
194,07:10:00,0,0,100,1,2,34,18,2,18,34,0,0,18,3909.0,6242.156000000001,0.019201040267944336,0.002679109573364258,0.0,-6242.156000000001
194,07:10:00,0,100,100,1,2,34,18,5,15,30,4,3,15,1682.688573729407,6258.021000000001,0.018709897994995117,0.027914047241210938,0.0,-5858.021000000001
194,07:10:00,0,500,100,1,2,34,18,18,2,2,32,16,2,2498.6529542471944,9574.267,0.01838397979736328,0.0032689571380615234,0.0,6425.733
194,07:10:00,0,1000,100,1,2,34,18,20,0,0,34,18,0,2889.487592460031,11071.856,0.019895076751708984,0.003604888916015625,0.0,22928.144
194,07:10:00,0,0,500,1,2,51,26,2,26,51,0,0,26,3909.0,6242.156000000001,0.0534670352935791,0.004748106002807617,0.0,-6242.156000000001
194,07:10:00,0,100,500,1,2,51,26,16,12,18,33,14,12,2278.6333064900973,8731.202,0.0541996955871582,0.04783296585083008,0.0,-5431.201999999999
194,07:10:00,0,500,500,1,2,51,26,25,3,2,49,23,3,3909.0,11398.012999999999,0.05460929870605469,0.02350020408630371,0.0,13101.987000000001
194,07:10:00,0,1000,500,1,2,51,26,28,0,0,51,26,0,3324.802180267234,12739.882,0.05684518814086914,0.014766931533813477,0.0,38260.118
194,07:10:00,0,0,700,1,2,51,26,2,26,51,0,0,26,3909.0,6242.156000000001,0.05301690101623535,0.004603147506713867,0.0,-6242.156000000001
194,07:10:00,0,100,700,1,2,51,26,16,12,18,33,14,12,2278.6333064900973,8731.202,0.05277514457702637,0.045990943908691406,0.0,-5431.201999999999
194,07:10:00,0,500,700,1,2,51,26,25,3,2,49,23,3,3909.0,11398.012999999999,0.05406785011291504,0.02356696128845215,0.0,13101.987000000001
194,07:10:00,0,1000,700,1,2,51,26,28,0,0,51,26,0,3324.802180267234,12739.882,0.055579185485839844,0.014545917510986328,0.0,38260.118
192,08:28:00,1,0,10,12,13,7,2,13,2,7,0,0,2,3391.0,7236.521,0.0007481575012207031,0.0008018016815185547,0.0,-7236.521
192,08:28:00,1,100,10,12,13,7,2,13,2,2,5,0,2,3391.0,7236.521,0.0006861686706542969,0.0005209445953369141,0.0,-6736.521
192,08:28:00,1,500,10,12,13,7,2,14,1,1,6,1,1,3391.0,7412.484,0.0006840229034423828,0.0004570484161376953,0.0,-4412.484
192,08:28:00,1,1000,10,12,13,7,2,15,0,0,7,2,0,3017.0,7954.378000000001,0.0006761550903320312,0.0006229877471923828,0.0,-954.3780000000006
192,08:28:00,1,0,100,12,13,16,6,13,6,16,0,0,6,3391.0,7236.521,0.0012941360473632812,0.0006439685821533203,0.0,-7236.521
192,08:28:00,1,100,100,12,13,16,6,13,6,6,10,0,6,3391.0,7236.521,0.0012438297271728516,0.0005290508270263672,0.0,-6236.521
192,08:28:00,1,500,100,12,13,16,6,16,3,3,13,3,3,3039.98834556192,8195.252,0.001438140869140625,0.0005600452423095703,0.0,-1695.2520000000004
192,08:28:00,1,1000,100,12,13,16,6,18,1,1,15,5,1,3039.98834556192,9285.518000000002,0.001277923583984375,0.0005979537963867188,0.0,5714.481999999998
192,08:28:00,1,0,500,12,13,33,10,13,10,33,0,0,10,3391.0,7236.521,0.0032129287719726562,0.00067901611328125,0.0,-7236.521
192,08:28:00,1,100,500,12,13,33,10,15,8,10,23,2,8,3017.0,7699.984,0.003197908401489258,0.0023581981658935547,0.0,-5399.984
192,08:28:00,1,500,500,12,13,33,10,18,5,5,28,5,5,3039.98834556192,9016.996,0.003171682357788086,0.0009028911590576172,0.0,4983.004000000001
192,08:28:00,1,1000,500,12,13,33,10,21,2,2,31,8,2,3039.98834556192,10628.136999999997,0.00287628173828125,0.0007200241088867188,0.0,20371.863000000005
192,08:28:00,1,0,700,12,13,33,10,13,10,33,0,0,10,3391.0,7236.521,0.002888917922973633,0.0007200241088867188,0.0,-7236.521
192,08:28:00,1,100,700,12,13,33,10,15,8,10,23,2,8,3017.0,7699.984,0.0031540393829345703,0.0007748603820800781,0.0,-5399.984
192,08:28:00,1,500,700,12,13,33,10,18,5,5,28,5,5,3039.98834556192,9016.996,0.003036975860595703,0.002370119094848633,0.0,4983.004000000001
192,08:28:00,1,1000,700,12,13,33,10,21,2,2,31,8,2,3039.98834556192,10628.136999999997,0.0032198429107666016,0.0009608268737792969,0.0,20371.863000000005
155,13:50:00,0.2,0,10,3,4,3,3,4,3,3,0,0,3,3179.0,5493.888999999999,0.00034689903259277344,0.0007319450378417969,0.0,-5493.888999999999
155,13:50:00,0.2,100,10,3,4,3,3,4,3,2,1,0,3,3179.0,5493.888999999999,0.00031685829162597656,0.0005271434783935547,0.0,-5393.888999999999
155,13:50:00,0.2,500,10,3,4,3,3,5,2,1,2,1,2,3179.0,5675.588000000001,0.0003216266632080078,0.0005030632019042969,0.0,-4675.588000000001
155,13:50:00,0.2,1000,10,3,4,3,3,5,2,1,2,1,2,3179.0,5675.588000000001,0.0003180503845214844,0.0004851818084716797,0.0,-3675.5880000000006
155,13:50:00,0.2,0,100,3,4,10,8,5,7,10,0,1,7,3179.0,5493.888999999999,0.001168966293334961,0.0008449554443359375,0.0,-5493.888999999999
155,13:50:00,0.2,100,100,3,4,10,8,6,6,6,4,2,6,1691.0,5493.889,0.0013549327850341797,0.0008859634399414062,0.0,-5093.889
155,13:50:00,0.2,500,100,3,4,10,8,8,4,4,6,4,4,1691.0,6072.822,0.0012760162353515625,0.0009028911590576172,0.0,-3072.822
155,13:50:00,0.2,1000,100,3,4,10,8,9,3,3,7,5,3,1766.5042352660457,6581.653000000001,0.0012500286102294922,0.0013189315795898438,0.0,418.34699999999884
155,13:50:00,0.2,0,500,3,4,32,18,4,18,32,0,0,18,1691.0,5493.888999999999,0.008552074432373047,0.0019910335540771484,0.0,-5493.888999999999
155,13:50:00,0.2,100,500,3,4,32,18,10,12,15,17,6,12,1691.0,5784.611000000001,0.008909225463867188,0.002048969268798828,0.0,-4084.611000000001
155,13:50:00,0.2,500,500,3,4,32,18,17,5,8,24,13,5,1992.7402096754959,7635.725,0.008486032485961914,0.007657051086425781,0.0,4364.275
155,13:50:00,0.2,1000,500,3,4,32,18,18,4,7,25,14,4,2273.0693599379592,8144.5560000000005,0.008552312850952148,0.006974935531616211,0.0,16855.444
155,13:50:00,0.2,0,700,3,4,32,18,4,18,32,0,0,18,1691.0,5493.888999999999,0.009437799453735352,0.002074003219604492,0.0,-5493.888999999999
155,13:50:00,0.2,100,700,3,4,32,18,10,12,15,17,6,12,1691.0,5784.611000000001,0.008884906768798828,0.0019268989562988281,0.0,-4084.611000000001
155,13:50:00,0.2,500,700,3,4,32,18,17,5,8,24,13,5,1992.7402096754959,7635.725,0.008749008178710938,0.008302927017211914,0.0,4364.275
155,13:50:00,0.2,1000,700,3,4,32,18,18,4,7,25,14,4,2273.0693599379592,8144.5560000000005,0.008625984191894531,0.007194042205810547,0.0,16855.444
193,08:16:30,1,0,10,13,14,12,2,14,2,12,0,0,2,2453.0,5418.034000000001,0.0009489059448242188,0.0004031658172607422,0.0,-5418.034000000001
193,08:16:30,1,100,10,13,14,12,2,14,2,3,9,0,2,2453.0,5418.034000000001,0.001055002212524414,0.00038814544677734375,0.0,-4518.034000000001
193,08:16:30,1,500,10,13,14,12,2,15,1,2,10,1,1,2338.0,5818.773,0.0009098052978515625,0.0005190372467041016,0.0,-818.7730000000001
193,08:16:30,1,1000,10,13,14,12,2,15,1,2,10,1,1,2338.0,5818.773,0.000965118408203125,0.0008931159973144531,0.0,4181.227
193,08:16:30,1,0,100,13,14,23,4,14,4,23,0,0,4,2453.0,5418.034000000001,0.0017058849334716797,0.0004930496215820312,0.0,-5418.034000000001
193,08:16:30,1,100,100,13,14,23,4,14,4,5,18,0,4,2453.0,5418.034000000001,0.001786947250366211,0.0006089210510253906,0.0,-3618.0340000000006
193,08:16:30,1,500,100,13,14,23,4,16,2,3,20,2,2,2338.0,6166.613,0.0015358924865722656,0.0007431507110595703,0.0,3833.3869999999997
193,08:16:30,1,1000,100,13,14,23,4,17,1,2,21,3,1,2424.0270520162267,6718.671,0.00152587890625,0.0006721019744873047,0.0,14281.329
193,08:16:30,1,0,500,13,14,43,9,14,9,43,0,0,9,2453.0,5418.034000000001,0.003400087356567383,0.0007600784301757812,0.0,-5418.034000000001
193,08:16:30,1,100,500,13,14,43,9,14,9,13,30,0,9,2453.0,5418.034000000001,0.0033638477325439453,0.0006349086761474609,0.0,-2418.0340000000006
193,08:16:30,1,500,500,13,14,43,9,19,4,7,36,5,4,2424.0270520162267,7019.626,0.0037071704864501953,0.0007960796356201172,0.0,10980.374
193,08:16:30,1,1000,500,13,14,43,9,20,3,6,37,6,3,2424.0270520162267,7796.377,0.003490924835205078,0.0008020401000976562,0.0,29203.623
193,08:16:30,1,0,700,13,14,43,9,14,9,43,0,0,9,2453.0,5418.034000000001,0.0035142898559570312,0.0007271766662597656,0.0,-5418.034000000001
193,08:16:30,1,100,700,13,14,43,9,14,9,13,30,0,9,2453.0,5418.034000000001,0.0033767223358154297,0.0007519721984863281,0.0,-2418.0340000000006
193,08:16:30,1,500,700,13,14,43,9,19,4,7,36,5,4,2424.0270520162267,7019.626,0.003489971160888672,0.0008020401000976562,0.0,10980.374
193,08:16:30,1,1000,700,13,14,43,9,20,3,6,37,6,3,2424.0270520162267,7796.377,0.0033931732177734375,0.0006799697875976562,0.0,29203.623
196,16:23:30,1,0,10,14,15,8,1,15,1,8,0,0,1,3519.0,7461.312,0.0007898807525634766,0.0003960132598876953,0.0,-7461.312
196,16:23:30,1,100,10,14,15,8,1,15,1,2,6,0,1,3519.0,7461.312,0.0010149478912353516,0.00039386749267578125,0.0,-6861.312
196,16:23:30,1,500,10,14,15,8,1,15,1,2,6,0,1,3519.0,7461.312,0.0007529258728027344,0.0005009174346923828,0.0,-4461.312
196,16:23:30,1,1000,10,14,15,8,1,15,1,2,6,0,1,3519.0,7461.312,0.000759124755859375,0.0004031658172607422,0.0,-1461.312
196,16:23:30,1,0,100,14,15,21,5,15,5,21,0,0,5,3519.0,7461.312,0.0018689632415771484,0.0008258819580078125,0.0,-7461.312
196,16:23:30,1,100,100,14,15,21,5,15,5,13,8,0,5,3519.0,7461.312,0.0018329620361328125,0.0009109973907470703,0.0,-6661.312
196,16:23:30,1,500,100,14,15,21,5,15,5,13,8,0,5,3519.0,7461.312,0.0017747879028320312,0.0009119510650634766,0.0,-3461.312
196,16:23:30,1,1000,100,14,15,21,5,15,5,13,8,0,5,3519.0,7461.312,0.001893758773803711,0.0009710788726806641,0.0,538.6880000000001
196,16:23:30,1,0,500,14,15,29,8,15,8,29,0,0,8,3519.0,7461.312,0.002767801284790039,0.0009438991546630859,0.0,-7461.312
196,16:23:30,1,100,500,14,15,29,8,16,7,18,11,1,7,3088.0,7484.494,0.002946615219116211,0.0015630722045898438,0.0,-6384.494
196,16:23:30,1,500,500,14,15,29,8,18,5,17,12,3,5,3088.0,7970.2880000000005,0.002992868423461914,0.0012919902801513672,0.0,-1970.2880000000005
196,16:23:30,1,1000,500,14,15,29,8,18,5,17,12,3,5,3088.0,7970.2880000000005,0.0029630661010742188,0.0014510154724121094,0.0,4029.7119999999995
196,16:23:30,1,0,700,14,15,29,8,15,8,29,0,0,8,3519.0,7461.312,0.0027849674224853516,0.0010089874267578125,0.0,-7461.312
196,16:23:30,1,100,700,14,15,29,8,16,7,18,11,1,7,3088.0,7484.494,0.002790212631225586,0.0015649795532226562,0.0,-6384.494
196,16:23:30,1,500,700,14,15,29,8,18,5,17,12,3,5,3088.0,7970.2880000000005,0.0028111934661865234,0.001260995864868164,0.0,-1970.2880000000005
196,16:23:30,1,1000,700,14,15,29,8,18,5,17,12,3,5,3088.0,7970.2880000000005,0.002763986587524414,0.0011489391326904297,0.0,4029.7119999999995
155,13:50:00,0,0,10,1,2,4,5,2,5,4,0,0,5,2964.0,4733.399000000001,0.0005507469177246094,0.0006778240203857422,0.0,-4733.399000000001
155,13:50:00,0,100,10,1,2,4,5,3,4,3,1,1,4,1235.3030675853006,4733.399000000001,0.0005681514739990234,0.0006251335144042969,0.0,-4633.399000000001
155,13:50:00,0,500,10,1,2,4,5,7,0,0,4,5,0,1476.6486220472434,5658.18,0.0005359649658203125,0.0012090206146240234,0.0,-3658.1800000000003
155,13:50:00,0,1000,10,1,2,4,5,7,0,0,4,5,0,1476.6486220472434,5658.18,0.0005271434783935547,0.0006551742553710938,0.0,-1658.1800000000003
155,13:50:00,0,0,100,1,2,12,11,2,11,12,0,0,11,2964.0,4733.399000000001,0.0034830570220947266,0.0011899471282958984,0.0,-4733.399000000001
155,13:50:00,0,100,100,1,2,12,11,9,4,4,8,7,4,1359.0137347888303,5207.43,0.003598928451538086,0.0025491714477539062,0.0,-4407.43
155,13:50:00,0,500,100,1,2,12,11,13,0,0,12,11,0,1616.7605807086657,6195.057,0.0034368038177490234,0.0012099742889404297,0.0,-195.0569999999998
155,13:50:00,0,1000,100,1,2,12,11,13,0,0,12,11,0,1616.7605807086657,6195.057,0.0034508705139160156,0.0011980533599853516,0.0,5804.943
155,13:50:00,0,0,500,1,2,32,20,2,20,32,0,0,20,2964.0,4733.399000000001,0.02108311653137207,0.002747058868408203,0.0,-4733.399000000001
155,13:50:00,0,100,500,1,2,32,20,13,9,10,22,11,9,1454.2070433667395,5572.188999999999,0.022858858108520508,0.0033500194549560547,0.0,-3372.1889999999994
155,13:50:00,0,500,500,1,2,32,20,21,1,1,31,19,1,2063.5586301002186,7907.085000000001,0.021908998489379883,0.0033228397369384766,0.0,7592.914999999999
155,13:50:00,0,1000,500,1,2,32,20,22,0,0,32,20,0,2196.351258649491,8415.916000000001,0.021281003952026367,0.003030061721801758,0.0,23584.084
155,13:50:00,0,0,700,1,2,32,20,2,20,32,0,0,20,2964.0,4733.399000000001,0.02115607261657715,0.0027539730072021484,0.0,-4733.399000000001
155,13:50:00,0,100,700,1,2,32,20,13,9,10,22,11,9,1454.2070433667395,5572.188999999999,0.02193474769592285,0.0033359527587890625,0.0,-3372.1889999999994
155,13:50:00,0,500,700,1,2,32,20,21,1,1,31,19,1,2063.5586301002186,7907.085000000001,0.021935224533081055,0.0031991004943847656,0.0,7592.914999999999
155,13:50:00,0,1000,700,1,2,32,20,22,0,0,32,20,0,2196.351258649491,8415.916000000001,0.021274089813232422,0.0030269622802734375,0.0,23584.084
193,08:16:30,0,0,10,1,2,9,3,2,3,9,0,0,3,3139.0,5013.180999999999,0.0004918575286865234,0.0005009174346923828,0.0,-5013.180999999999
193,08:16:30,0,100,10,1,2,9,3,3,2,2,7,1,2,1308.3194270460517,5013.181,0.0004680156707763672,0.00046515464782714844,0.0,-4313.181
193,08:16:30,0,500,10,1,2,9,3,4,1,1,8,2,1,1364.7904363517082,5229.5650000000005,0.0004611015319824219,0.0004489421844482422,0.0,-1229.5650000000005
193,08:16:30,0,1000,10,1,2,9,3,5,0,0,9,3,0,1589.3474111190662,6090.0160000000005,0.0004937648773193359,0.0005509853363037109,0.0,2909.9839999999995
193,08:16:30,0,0,100,1,2,13,6,2,6,13,0,0,6,3139.0,5013.180999999999,0.0024008750915527344,0.0006248950958251953,0.0,-5013.180999999999
193,08:16:30,0,100,100,1,2,13,6,4,4,5,8,2,4,1308.3194270460517,5013.181,0.0014500617980957031,0.0009169578552246094,0.0,-4213.181
193,08:16:30,0,500,100,1,2,13,6,7,1,1,12,5,1,1496.6873956096424,5734.964,0.0014660358428955078,0.0007178783416748047,0.0,265.03600000000006
193,08:16:30,0,1000,100,1,2,13,6,8,0,0,13,6,0,1720.368274278222,6592.058000000001,0.001390695571899414,0.0007088184356689453,0.0,6407.941999999999
193,08:16:30,0,0,500,1,2,43,21,2,21,43,0,0,21,3139.0,5013.180999999999,0.031286001205444336,0.0029718875885009766,0.0,-5013.180999999999
193,08:16:30,0,100,500,1,2,43,21,10,13,17,26,8,13,1491.394804342639,5714.683999999999,0.03019404411315918,0.00308990478515625,0.0,-3114.6839999999993
193,08:16:30,0,500,500,1,2,43,21,22,1,1,42,20,1,2739.5305789191116,10497.255000000003,0.03146719932556152,0.006685972213745117,0.0,10502.744999999997
193,08:16:30,0,1000,500,1,2,43,21,23,0,0,43,21,0,2896.9233178239083,11100.348000000002,0.03128504753112793,0.0036029815673828125,0.0,31899.652
193,08:16:30,0,0,700,1,2,43,21,2,21,43,0,0,21,3139.0,5013.180999999999,0.03099799156188965,0.002843141555786133,0.0,-5013.180999999999
193,08:16:30,0,100,700,1,2,43,21,10,13,17,26,8,13,1491.394804342639,5714.683999999999,0.03175711631774902,0.0032689571380615234,0.0,-3114.6839999999993
193,08:16:30,0,500,700,1,2,43,21,22,1,1,42,20,1,2739.5305789191116,10497.255000000003,0.03134417533874512,0.006819963455200195,0.0,10502.744999999997
193,08:16:30,0,1000,700,1,2,43,21,23,0,0,43,21,0,2896.9233178239083,11100.348000000002,0.030488014221191406,0.0035910606384277344,0.0,31899.652
192,08:28:00,0,0,10,1,2,3,2,3,1,3,0,1,1,1163.514860713436,4458.323,0.0002491474151611328,0.0005941390991210938,0.0,-4458.323
192,08:28:00,0,100,10,1,2,3,2,3,1,1,2,1,1,1163.514860713436,4458.323,0.0002219676971435547,0.0006108283996582031,0.0,-4258.323
192,08:28:00,0,500,10,1,2,3,2,4,0,0,3,2,0,1191.1083646504449,4564.055,0.0002129077911376953,0.0004901885986328125,0.0,-3064.0550000000003
192,08:28:00,0,1000,10,1,2,3,2,4,0,0,3,2,0,1191.1083646504449,4564.055,0.0002110004425048828,0.0005080699920654297,0.0,-1564.0550000000003
192,08:28:00,0,0,100,1,2,16,14,2,14,16,0,0,14,2291.0,3657.772000000001,0.0066051483154296875,0.0016491413116455078,0.0,-3657.772000000001
192,08:28:00,0,100,100,1,2,16,14,2,14,15,1,0,14,2291.0,3657.772000000001,0.007343769073486328,0.0018210411071777344,0.0,-3557.772000000001
192,08:28:00,0,500,100,1,2,16,14,13,3,3,13,11,3,2017.4522786924354,7730.416000000001,0.006590127944946289,0.004431009292602539,0.0,-1230.416000000001
192,08:28:00,0,1000,100,1,2,16,14,14,2,2,14,12,2,2154.14428503051,8254.18852440034,0.006566047668457031,0.02041006088256836,0.0,5745.812473541246
192,08:28:00,0,0,500,1,2,33,22,2,22,33,0,0,22,2291.0,3657.772000000001,0.026136159896850586,0.0033249855041503906,0.0,-3657.772000000001
192,08:28:00,0,100,500,1,2,33,22,5,19,29,4,3,19,998.9643357790483,3827.8029999999994,0.026726722717285156,0.0035848617553710938,0.0,-3427.8029999999994
192,08:28:00,0,500,500,1,2,33,22,17,7,7,26,15,7,2291.0,8510.498000000001,0.027019739151000977,0.015722990036010742,0.0,4489.501999999999
192,08:28:00,0,1000,500,1,2,33,22,17,7,7,26,15,7,2291.0,8510.498000000001,0.026071786880493164,0.01581597328186035,0.0,17489.502
192,08:28:00,0,0,700,1,2,33,22,2,22,33,0,0,22,2291.0,3657.772000000001,0.02638411521911621,0.003556966781616211,0.0,-3657.772000000001
192,08:28:00,0,100,700,1,2,33,22,5,19,29,4,3,19,998.9643357790483,3827.8029999999994,0.027982234954833984,0.003656148910522461,0.0,-3427.8029999999994
192,08:28:00,0,500,700,1,2,33,22,17,7,7,26,15,7,2291.0,8510.498000000001,0.026578187942504883,0.015185117721557617,0.0,4489.501999999999
192,08:28:00,0,1000,700,1,2,33,22,17,7,7,26,15,7,2291.0,8510.498000000001,0.02606201171875,0.01622319221496582,0.0,17489.502
194,07:10:00,1,0,10,22,23,10,1,23,1,10,0,0,1,3943.0,8741.315,0.0014767646789550781,0.0005199909210205078,0.0,-8741.315
194,07:10:00,1,100,10,22,23,10,1,23,1,2,8,0,1,3943.0,8741.315,0.0023000240325927734,0.0005199909210205078,0.0,-7941.3150000000005
194,07:10:00,1,500,10,22,23,10,1,24,0,0,10,1,0,3787.0,9108.919,0.0015001296997070312,0.0006148815155029297,0.0,-4108.919
194,07:10:00,1,1000,10,22,23,10,1,24,0,0,10,1,0,3787.0,9108.919,0.0014290809631347656,0.0005340576171875,0.0,891.0810000000001
194,07:10:00,1,0,100,22,23,28,6,24,5,28,0,1,5,3787.0,8741.315,0.0032761096954345703,0.0010018348693847656,0.0,-8741.315
194,07:10:00,1,100,100,22,23,28,6,24,5,8,20,1,5,3787.0,8741.315,0.003329038619995117,0.0010690689086914062,0.0,-6741.3150000000005
194,07:10:00,1,500,100,22,23,28,6,26,3,4,24,3,3,3787.0,9582.364,0.003323078155517578,0.0017020702362060547,0.0,2417.6360000000004
194,07:10:00,1,1000,100,22,23,28,6,26,3,4,24,3,3,3787.0,9582.364,0.0038330554962158203,0.001500844955444336,0.0,14417.636
194,07:10:00,1,0,500,22,23,51,9,23,9,51,0,0,9,3787.0,8741.315,0.0057179927825927734,0.0013239383697509766,0.0,-8741.315
194,07:10:00,1,100,500,22,23,51,9,26,6,12,39,3,6,3943.0,9052.380000000001,0.006278038024902344,0.001271963119506836,0.0,-5152.380000000001
194,07:10:00,1,500,500,22,23,51,9,28,4,7,44,5,4,3787.0,9769.698999999999,0.0063288211822509766,0.002176046371459961,0.0,12230.301000000001
194,07:10:00,1,1000,500,22,23,51,9,28,4,7,44,5,4,3787.0,9769.698999999999,0.005910158157348633,0.0018229484558105469,0.0,34230.301
194,07:10:00,1,0,700,22,23,51,9,23,9,51,0,0,9,3787.0,8741.315,0.005855083465576172,0.0019948482513427734,0.0,-8741.315
194,07:10:00,1,100,700,22,23,51,9,26,6,12,39,3,6,3943.0,9052.380000000001,0.00632023811340332,0.0016491413116455078,0.0,-5152.380000000001
194,07:10:00,1,500,700,22,23,51,9,28,4,7,44,5,4,3787.0,9769.698999999999,0.006407737731933594,0.002321004867553711,0.0,12230.301000000001
194,07:10:00,1,1000,700,22,23,51,9,28,4,7,44,5,4,3787.0,9769.698999999999,0.006043195724487305,0.0018301010131835938,0.0,34230.301
198,19:44:00,0,0,10,1,2,1,2,2,2,1,0,0,2,859.3069971367222,3292.667999999999,0.00019216537475585938,0.0004711151123046875,0.0,-3292.667999999999
198,19:44:00,0,100,10,1,2,1,2,2,2,1,0,0,2,859.3069971367222,3292.667999999999,0.00017023086547851562,0.0003960132598876953,0.0,-3292.667999999999
198,19:44:00,0,500,10,1,2,1,2,4,0,0,1,2,0,955.4319896802626,3660.9970000000003,0.00016307830810546875,0.00033092498779296875,0.0,-3160.9970000000003
198,19:44:00,0,1000,10,1,2,1,2,4,0,0,1,2,0,955.4319896802626,3660.9970000000003,0.0001671314239501953,0.0003647804260253906,0.0,-2660.9970000000003
198,19:44:00,0,0,100,1,2,13,10,2,10,13,0,0,10,2062.0,3292.667999999999,0.0029633045196533203,0.0009760856628417969,0.0,-3292.667999999999
198,19:44:00,0,100,100,1,2,13,10,9,3,3,10,7,3,903.8412297184404,3463.3130000000006,0.002919912338256836,0.0012009143829345703,0.0,-2463.3130000000006
198,19:44:00,0,500,100,1,2,13,10,10,2,2,11,8,2,972.076510677638,3724.7750000000005,0.0030069351196289062,0.0012178421020507812,0.0,1775.2249999999995
198,19:44:00,0,1000,100,1,2,13,10,12,0,0,13,10,0,1363.4111787162983,5224.28,0.0030798912048339844,0.0028259754180908203,0.0,7775.72
198,19:44:00,0,0,500,1,2,23,14,2,14,23,0,0,14,2062.0,3292.667999999999,0.008640050888061523,0.0018091201782226562,0.0,-3292.667999999999
198,19:44:00,0,100,500,1,2,23,14,10,6,9,14,8,6,916.7310904318729,3512.704,0.008812904357910156,0.0019240379333496094,0.0,-2112.704
198,19:44:00,0,500,500,1,2,23,14,15,1,1,22,13,1,1399.0085525530885,5360.681,0.008733987808227539,0.0018160343170166016,0.0,5639.319
198,19:44:00,0,1000,500,1,2,23,14,16,0,0,23,14,0,1643.0977466595068,6295.974999999999,0.008429765701293945,0.014487028121948242,0.0,16704.025
198,19:44:00,0,0,700,1,2,23,14,2,14,23,0,0,14,2062.0,3292.667999999999,0.009150028228759766,0.0016632080078125,0.0,-3292.667999999999
198,19:44:00,0,100,700,1,2,23,14,10,6,9,14,8,6,916.7310904318729,3512.704,0.008813858032226562,0.0019719600677490234,0.0,-2112.704
198,19:44:00,0,500,700,1,2,23,14,15,1,1,22,13,1,1399.0085525530885,5360.681,0.008717060089111328,0.0019049644470214844,0.0,5639.319
198,19:44:00,0,1000,700,1,2,23,14,16,0,0,23,14,0,1643.0977466595068,6295.974999999999,0.00921320915222168,0.01542210578918457,0.0,16704.025
185,15:27:00,0.4,0,10,7,8,6,3,8,3,6,0,0,3,3837.0,7709.9529999999995,0.0005178451538085938,0.0003609657287597656,0.0,-7709.9529999999995
185,15:27:00,0.4,100,10,7,8,6,3,9,2,1,5,1,2,3837.0,7709.9529999999995,0.000492095947265625,0.00035119056701660156,0.0,-7209.9529999999995
185,15:27:00,0.4,500,10,7,8,6,3,9,2,1,5,1,2,3837.0,7709.9529999999995,0.0004858970642089844,0.0003361701965332031,0.0,-5209.9529999999995
185,15:27:00,0.4,1000,10,7,8,6,3,9,2,1,5,1,2,3837.0,7709.9529999999995,0.0005331039428710938,0.0003418922424316406,0.0,-2709.9529999999995
185,15:27:00,0.4,0,100,7,8,11,7,9,6,11,0,1,6,2998.0,7709.9529999999995,0.0009331703186035156,0.0007078647613525391,0.0,-7709.9529999999995
185,15:27:00,0.4,100,100,7,8,11,7,11,4,4,7,3,4,2998.0,7709.9529999999995,0.0010151863098144531,0.0007381439208984375,0.0,-7009.9529999999995
185,15:27:00,0.4,500,100,7,8,11,7,12,3,3,8,4,3,3837.0,8205.538999999999,0.0009729862213134766,0.0007059574127197266,0.0,-4205.538999999999
185,15:27:00,0.4,1000,100,7,8,11,7,13,2,1,10,5,2,2998.0,9239.96,0.00102996826171875,0.0010170936584472656,0.0,760.0400000000009
185,15:27:00,0.4,0,500,7,8,26,18,11,15,26,0,3,15,2998.0,7709.9529999999995,0.005495786666870117,0.0014629364013671875,0.0,-7709.9529999999995
185,15:27:00,0.4,100,500,7,8,26,18,16,10,10,16,8,10,2998.0,7834.6979999999985,0.005255937576293945,0.0016248226165771484,0.0,-6234.6979999999985
185,15:27:00,0.4,500,500,7,8,26,18,19,7,7,19,11,7,2998.0,9068.585,0.006161928176879883,0.0015559196472167969,0.0,431.4150000000009
185,15:27:00,0.4,1000,500,7,8,26,18,23,3,3,23,15,3,3308.31836077309,11505.283000000003,0.005454063415527344,0.001676797866821289,0.0,11494.716999999997
185,15:27:00,0.4,0,700,7,8,26,18,11,15,26,0,3,15,2998.0,7709.9529999999995,0.005525112152099609,0.0015380382537841797,0.0,-7709.9529999999995
185,15:27:00,0.4,100,700,7,8,26,18,16,10,10,16,8,10,2998.0,7834.6979999999985,0.005676984786987305,0.001489877700805664,0.0,-6234.6979999999985
185,15:27:00,0.4,500,700,7,8,26,18,19,7,7,19,11,7,2998.0,9068.585,0.005221843719482422,0.0015959739685058594,0.0,431.4150000000009
185,15:27:00,0.4,1000,700,7,8,26,18,23,3,3,23,15,3,3308.31836077309,11505.283000000003,0.005271196365356445,0.001486063003540039,0.0,11494.716999999997
192,08:28:00,0.2,0,10,2,3,3,2,4,1,3,0,1,1,3342.0,5874.095000000001,0.00024199485778808594,0.00045609474182128906,0.0,-5874.095000000001
192,08:28:00,0.2,100,10,2,3,3,2,4,1,1,2,1,1,3342.0,5874.095000000001,0.00026798248291015625,0.0004189014434814453,0.0,-5674.095000000001
192,08:28:00,0.2,500,10,2,3,3,2,4,1,1,2,1,1,3342.0,5874.095000000001,0.0002830028533935547,0.0005290508270263672,0.0,-4874.095000000001
192,08:28:00,0.2,1000,10,2,3,3,2,4,1,1,2,1,1,3342.0,5874.095000000001,0.00032901763916015625,0.0005159378051757812,0.0,-3874.095000000001
192,08:28:00,0.2,0,100,2,3,16,13,4,12,16,0,1,12,1868.0,5874.095000000001,0.004515171051025391,0.0015261173248291016,0.0,-5874.095000000001
192,08:28:00,0.2,100,100,2,3,16,13,4,12,14,2,1,12,1868.0,5874.095000000001,0.003787994384765625,0.0013871192932128906,0.0,-5674.095000000001
192,08:28:00,0.2,500,100,2,3,16,13,9,7,7,9,6,7,3342.0,7966.869000000001,0.003690958023071289,0.021986007690429688,0.0,-3466.8690000000006
192,08:28:00,0.2,1000,100,2,3,16,13,13,3,3,13,10,3,3342.0,10095.065,0.0036427974700927734,0.031206846237182617,0.0,2904.9349999999995
192,08:28:00,0.2,0,500,2,3,33,21,6,18,33,0,3,18,1868.0,5874.094999999999,0.014374017715454102,0.0023980140686035156,0.0,-5874.094999999999
192,08:28:00,0.2,100,500,2,3,33,21,6,18,30,3,3,18,1868.0,5874.094999999999,0.014815807342529297,0.0023069381713867188,0.0,-5574.094999999999
192,08:28:00,0.2,500,500,2,3,33,21,15,9,11,22,12,9,2837.21540205201,10865.759999999998,0.015532255172729492,0.16009902954101562,0.0,134.2400000000016
192,08:28:00,0.2,1000,500,2,3,33,21,15,9,11,22,12,9,3342.0,10865.759999999998,0.014808893203735352,0.07635903358459473,0.0,11134.240000000002
192,08:28:00,0.2,0,700,2,3,33,21,6,18,33,0,3,18,1868.0,5874.094999999999,0.015012741088867188,0.002285003662109375,0.0,-5874.094999999999
192,08:28:00,0.2,100,700,2,3,33,21,6,18,30,3,3,18,1868.0,5874.094999999999,0.014815092086791992,0.0024449825286865234,0.0,-5574.094999999999
192,08:28:00,0.2,500,700,2,3,33,21,15,9,11,22,12,9,2837.21540205201,10865.759999999998,0.014964818954467773,0.16311097145080566,0.0,134.2400000000016
192,08:28:00,0.2,1000,700,2,3,33,21,15,9,11,22,12,9,3342.0,10865.759999999998,0.01480865478515625,0.07481694221496582,0.0,11134.240000000002
187,13:47:00,0.4,0,10,12,13,6,3,14,2,6,0,1,2,5502.0,11674.128999999999,0.0007050037384033203,0.00041794776916503906,0.0,-11674.128999999999
187,13:47:00,0.4,100,10,12,13,6,3,16,0,0,6,3,0,5502.0,11674.129,0.0007319450378417969,0.00047516822814941406,0.0,-11074.129
187,13:47:00,0.4,500,10,12,13,6,3,16,0,0,6,3,0,5502.0,11674.129,0.0008487701416015625,0.0008661746978759766,0.0,-8674.129
187,13:47:00,0.4,1000,10,12,13,6,3,16,0,0,6,3,0,5502.0,11674.129,0.0007240772247314453,0.003289937973022461,0.0,-5674.129000000001
187,13:47:00,0.4,0,100,12,13,11,4,13,4,11,0,0,4,4845.0,11674.129,0.00102996826171875,0.0006539821624755859,0.0,-11674.129
187,13:47:00,0.4,100,100,12,13,11,4,17,0,0,11,4,0,4845.0,11674.128999999999,0.0012319087982177734,0.0006518363952636719,0.0,-10574.128999999999
187,13:47:00,0.4,500,100,12,13,11,4,17,0,0,11,4,0,4845.0,11674.128999999999,0.0010170936584472656,0.0006990432739257812,0.0,-6174.128999999999
187,13:47:00,0.4,1000,100,12,13,11,4,17,0,0,11,4,0,4845.0,11674.128999999999,0.0009701251983642578,0.0006279945373535156,0.0,-674.128999999999
187,13:47:00,0.4,0,500,12,13,38,21,17,17,38,0,4,17,4845.0,11674.128999999999,0.007572174072265625,0.001886129379272461,0.0,-11674.128999999999
187,13:47:00,0.4,100,500,12,13,38,21,20,14,17,21,7,14,4845.0,11680.901999999998,0.00781702995300293,0.0018229484558105469,0.0,-9580.901999999998
187,13:47:00,0.4,500,500,12,13,38,21,27,7,7,31,14,7,4845.0,14828.804000000002,0.007719755172729492,0.02097606658935547,0.0,671.1959999999981
187,13:47:00,0.4,1000,500,12,13,38,21,28,6,6,32,15,6,4845.0,15428.124000000002,0.008514165878295898,0.03366804122924805,0.0,16571.875999999997
187,13:47:00,0.4,0,700,12,13,38,21,17,17,38,0,4,17,4845.0,11674.128999999999,0.007950067520141602,0.001984119415283203,0.0,-11674.128999999999
187,13:47:00,0.4,100,700,12,13,38,21,20,14,17,21,7,14,4845.0,11680.901999999998,0.007560014724731445,0.001772165298461914,0.0,-9580.901999999998
187,13:47:00,0.4,500,700,12,13,38,21,27,7,7,31,14,7,4845.0,14828.804000000002,0.007436990737915039,0.020704984664916992,0.0,671.1959999999981
187,13:47:00,0.4,1000,700,12,13,38,21,28,6,6,32,15,6,4845.0,15428.124000000002,0.007899284362792969,0.03312110900878906,0.0,16571.875999999997
55,18:56:00,0,0,10,1,2,3,5,2,5,3,0,0,5,7244.0,11566.579,0.0005109310150146484,0.0006210803985595703,0.0,-11566.579
55,18:56:00,0,100,10,1,2,3,5,2,5,3,0,0,5,7244.0,11566.579,0.0004999637603759766,0.0006341934204101562,0.0,-11566.579
55,18:56:00,0,500,10,1,2,3,5,5,2,2,1,3,2,3070.5357089596655,11765.591,0.0005109310150146484,0.0006899833679199219,0.0,-11265.591
55,18:56:00,0,1000,10,1,2,3,5,5,2,2,1,3,2,3070.5357089596655,11765.591,0.0005087852478027344,0.0007228851318359375,0.0,-10765.591
55,18:56:00,0,0,100,1,2,4,6,2,6,4,0,0,6,7244.0,11566.579,0.0007050037384033203,0.0007410049438476562,0.0,-11566.579
55,18:56:00,0,100,100,1,2,4,6,5,3,3,1,3,3,3032.760752207105,11620.846000000001,0.0008139610290527344,0.0009081363677978516,0.0,-11520.846000000001
55,18:56:00,0,500,100,1,2,4,6,6,2,2,2,4,2,3084.6980881651107,11819.858,0.0007839202880859375,0.0008399486541748047,0.0,-10819.858
55,18:56:00,0,1000,100,1,2,4,6,6,2,2,2,4,2,3084.6980881651107,11819.858,0.000705718994140625,0.0007758140563964844,0.0,-9819.858
55,18:56:00,0,0,500,1,2,58,35,2,35,58,0,0,35,7244.0,11566.579,0.10852718353271484,0.008142948150634766,0.0,-11566.579
55,18:56:00,0,100,500,1,2,58,35,20,17,25,33,18,17,3604.927709675496,13813.259000000002,0.10739684104919434,0.033579111099243164,0.0,-10513.259000000002
55,18:56:00,0,500,500,1,2,58,35,33,4,4,54,31,4,4786.78891523504,18341.881000000005,0.10928797721862793,0.016237974166870117,0.0,8658.118999999995
55,18:56:00,0,1000,500,1,2,58,35,36,1,1,57,34,1,5276.022168038675,20216.511000000002,0.11072731018066406,0.00937509536743164,0.0,36783.489
55,18:56:00,0,0,700,1,2,58,35,2,35,58,0,0,35,7244.0,11566.579,0.10562682151794434,0.008064985275268555,0.0,-11566.579
55,18:56:00,0,100,700,1,2,58,35,20,17,25,33,18,17,3604.927709675496,13813.259000000002,0.10884380340576172,0.033074140548706055,0.0,-10513.259000000002
55,18:56:00,0,500,700,1,2,58,35,33,4,4,54,31,4,4786.78891523504,18341.881000000005,0.10986971855163574,0.016649961471557617,0.0,8658.118999999995
55,18:56:00,0,1000,700,1,2,58,35,36,1,1,57,34,1,5276.022168038675,20216.511000000002,0.10645508766174316,0.009362936019897461,0.0,36783.489
155,13:50:00,0.4,0,10,6,7,3,3,7,3,3,0,0,3,2875.0,5531.778,0.0004439353942871094,0.0006420612335205078,0.0,-5531.778
155,13:50:00,0.4,100,10,6,7,3,3,7,3,2,1,0,3,2875.0,5531.778,0.0004038810729980469,0.0004379749298095703,0.0,-5431.778
155,13:50:00,0.4,500,10,6,7,3,3,8,2,1,2,1,2,2875.0,5713.477,0.00041103363037109375,0.0005431175231933594,0.0,-4713.477
155,13:50:00,0.4,1000,10,6,7,3,3,10,0,0,3,3,0,2025.0,6358.882,0.00039005279541015625,0.0005049705505371094,0.0,-3358.8819999999996
155,13:50:00,0.4,0,100,6,7,10,7,8,6,10,0,1,6,2875.0,5531.778,0.0011031627655029297,0.0010650157928466797,0.0,-5531.778
155,13:50:00,0.4,100,100,6,7,10,7,8,6,4,6,1,6,2025.0,5531.778,0.0012612342834472656,0.0008900165557861328,0.0,-4931.778
155,13:50:00,0.4,500,100,6,7,10,7,11,3,2,8,4,3,2025.0,6065.696000000001,0.0011088848114013672,0.0009870529174804688,0.0,-2065.696000000001
155,13:50:00,0.4,1000,100,6,7,10,7,14,0,0,10,7,0,2025.0,7219.932000000001,0.0010800361633300781,0.00086212158203125,0.0,2780.0679999999993
155,13:50:00,0.4,0,500,6,7,32,16,8,15,32,0,1,15,2025.0,5531.778,0.004923105239868164,0.0011050701141357422,0.0,-5531.778
155,13:50:00,0.4,100,500,6,7,32,16,12,11,12,20,5,11,2025.0,5915.4710000000005,0.005012035369873047,0.0015180110931396484,0.0,-3915.4710000000005
155,13:50:00,0.4,500,500,6,7,32,16,21,2,3,29,14,2,2337.4890762944415,8934.873000000001,0.005157947540283203,0.004826068878173828,0.0,5565.126999999999
155,13:50:00,0.4,1000,500,6,7,32,16,22,1,2,30,15,1,2470.2817048437573,9443.704000000203,0.005055904388427734,0.006927013397216797,0.0,20556.296000000242
155,13:50:00,0.4,0,700,6,7,32,16,8,15,32,0,1,15,2025.0,5531.778,0.004940986633300781,0.001219034194946289,0.0,-5531.778
155,13:50:00,0.4,100,700,6,7,32,16,12,11,12,20,5,11,2025.0,5915.4710000000005,0.00497889518737793,0.0012710094451904297,0.0,-3915.4710000000005
155,13:50:00,0.4,500,700,6,7,32,16,21,2,3,29,14,2,2337.4890762944415,8934.873000000001,0.005021095275878906,0.00449681282043457,0.0,5565.126999999999
155,13:50:00,0.4,1000,700,6,7,32,16,22,1,2,30,15,1,2470.2817048437573,9443.704000000203,0.0058786869049072266,0.0067081451416015625,0.0,20556.296000000242
193,08:16:30,0.2,0,10,2,3,11,3,3,3,11,0,0,3,3016.0,5013.1810000000005,0.0005278587341308594,0.000553131103515625,0.0,-5013.1810000000005
193,08:16:30,0.2,100,10,2,3,11,3,4,2,2,9,1,2,1429.0,5013.1810000000005,0.0005431175231933594,0.0007851123809814453,0.0,-4113.1810000000005
193,08:16:30,0.2,500,10,2,3,11,3,4,2,2,9,1,2,1429.0,5013.1810000000005,0.0005080699920654297,0.0005829334259033203,0.0,-513.1810000000005
193,08:16:30,0.2,1000,10,2,3,11,3,5,1,1,10,2,1,1532.8764018134098,5873.6320000000005,0.0005300045013427734,0.0005080699920654297,0.0,4126.3679999999995
193,08:16:30,0.2,0,100,2,3,15,6,3,6,15,0,0,6,3016.0,5013.1810000000005,0.001085042953491211,0.0005691051483154297,0.0,-5013.1810000000005
193,08:16:30,0.2,100,100,2,3,15,6,4,5,6,9,1,5,1429.0,5013.1810000000005,0.0010840892791748047,0.00055694580078125,0.0,-4113.1810000000005
193,08:16:30,0.2,500,100,2,3,15,6,6,3,4,11,3,3,1440.216386303986,5518.58,0.0010807514190673828,0.0005891323089599609,0.0,-18.579999999999927
193,08:16:30,0.2,1000,100,2,3,15,6,7,2,3,12,4,2,1663.897264972562,6375.674000000001,0.0010762214660644531,0.0005469322204589844,0.0,5624.325999999999
193,08:16:30,0.2,0,500,2,3,43,20,4,19,43,0,1,19,1429.0,5013.1810000000005,0.015149831771850586,0.002362966537475586,0.0,-5013.1810000000005
193,08:16:30,0.2,100,500,2,3,43,20,6,17,28,15,3,17,1429.0,5074.727000000001,0.016995906829833984,0.004209995269775391,0.0,-3574.7270000000008
193,08:16:30,0.2,500,500,2,3,43,20,11,12,22,21,8,12,3016.0,6338.445,0.015963077545166016,0.009753942489624023,0.0,4161.555
193,08:16:30,0.2,1000,500,2,3,43,20,13,10,20,23,10,10,2209.3826279527566,7591.200000000001,0.015404701232910156,0.005886077880859375,0.0,15408.8
193,08:16:30,0.2,0,700,2,3,43,20,4,19,43,0,1,19,1429.0,5013.1810000000005,0.015430927276611328,0.0024080276489257812,0.0,-5013.1810000000005
193,08:16:30,0.2,100,700,2,3,43,20,6,17,28,15,3,17,1429.0,5074.727000000001,0.015474319458007812,0.003963947296142578,0.0,-3574.7270000000008
193,08:16:30,0.2,500,700,2,3,43,20,11,12,22,21,8,12,3016.0,6338.445,0.016966819763183594,0.010237932205200195,0.0,4161.555
193,08:16:30,0.2,1000,700,2,3,43,20,13,10,20,23,10,10,2209.3826279527566,7591.200000000001,0.016243934631347656,0.0057408809661865234,0.0,15408.8
187,16:47:00,0,0,10,1,2,2,2,3,1,2,0,1,1,1404.1388168098274,5380.339,0.0002129077911376953,0.000476837158203125,0.0,-5380.339
187,16:47:00,0,100,10,1,2,2,2,4,0,0,2,2,0,1404.1388168098274,5380.338999999999,0.00021576881408691406,0.0005428791046142578,0.0,-5180.338999999999
187,16:47:00,0,500,10,1,2,2,2,4,0,0,2,2,0,1404.1388168098274,5380.338999999999,0.00021910667419433594,0.0004839897155761719,0.0,-4380.338999999999
187,16:47:00,0,1000,10,1,2,2,2,4,0,0,2,2,0,1404.1388168098274,5380.338999999999,0.00019502639770507812,0.00048613548278808594,0.0,-3380.338999999999
187,16:47:00,0,0,100,1,2,9,9,2,9,9,0,0,9,3369.0,5380.339000000001,0.0019049644470214844,0.0010280609130859375,0.0,-5380.339000000001
187,16:47:00,0,100,100,1,2,9,9,7,4,3,6,5,4,1404.1388168098347,5380.339,0.0020847320556640625,0.001199960708618164,0.0,-4780.339
187,16:47:00,0,500,100,1,2,9,9,7,4,3,6,5,4,1404.1388168098347,5380.339,0.002006053924560547,0.0011951923370361328,0.0,-2380.339
187,16:47:00,0,1000,100,1,2,9,9,8,3,2,7,6,3,1568.2394192913416,6009.134999999999,0.002071857452392578,0.0011510848999023438,0.0,990.8650000000007
187,16:47:00,0,0,500,1,2,43,32,2,32,43,0,0,32,3369.0,5380.339000000001,0.06899619102478027,0.005841970443725586,0.0,-5380.339000000001
187,16:47:00,0,100,500,1,2,43,32,10,24,32,11,8,24,1404.1388168098274,5380.338999999999,0.07126593589782715,0.0063741207122802734,0.0,-4280.338999999999
187,16:47:00,0,500,500,1,2,43,32,27,7,7,36,25,7,3291.052254831782,12610.559999999992,0.06763696670532227,0.03064703941345215,0.0,5389.440000000008
187,16:47:00,0,1000,500,1,2,43,32,27,7,7,36,25,7,3369.0,12610.559999999992,0.06943988800048828,0.07290506362915039,0.0,23389.44000000001
187,16:47:00,0,0,700,1,2,43,32,2,32,43,0,0,32,3369.0,5380.339000000001,0.06872200965881348,0.00609898567199707,0.0,-5380.339000000001
187,16:47:00,0,100,700,1,2,43,32,10,24,32,11,8,24,1404.1388168098274,5380.338999999999,0.07020998001098633,0.006783008575439453,0.0,-4280.338999999999
187,16:47:00,0,500,700,1,2,43,32,27,7,7,36,25,7,3291.052254831782,12610.559999999992,0.06908392906188965,0.02790999412536621,0.0,5389.440000000008
187,16:47:00,0,1000,700,1,2,43,32,27,7,7,36,25,7,3369.0,12610.559999999992,0.07069683074951172,0.07458806037902832,0.0,23389.44000000001
